0	1
1	2
2	2
3	5
4	3
5	4
6	1
7	2
8	3
9	5
10	3
11	3
12	3
13	5
14	2
15	2
16	1
17	4
18	4
19	3
20	3
21	2
22	1
23	4
24	2
25	4
26	2
27	3
28	7
29	1
30	3
31	3
32	5
33	5
34	2
35	4
36	3
37	5
38	4
39	2
40	0
41	6
42	6
43	4
44	2
45	0
46	8
47	3
48	3
49	3
50	1
51	5
52	3
53	0
54	1
55	6
56	5
57	5
58	4
59	1
60	4
61	2
62	4
63	2
64	2
65	2
66	2
67	1
68	3
69	5
70	2
71	3
72	2
73	2
74	5
75	4
76	4
77	1
78	2
79	3
80	4
81	4
82	8
83	1
84	3
85	3
86	7
87	6
88	3
89	3
90	7
91	1
92	4
93	2
94	4
95	2
96	2
97	4
98	1
99	3
100	4
101	3
102	4
103	2
104	2
105	4
106	5
107	5
108	0
109	8
110	1
111	3
112	1
113	3
114	3
115	1
116	3
117	4
118	4
119	1
120	2
121	3
122	6
123	2
124	5
125	7
126	1
127	2
128	3
129	3
130	6
131	4
132	2
133	0
134	1
135	4
136	4
137	4
138	2
139	3
140	5
141	5
142	3
143	3
144	4
145	0
146	2
147	2
148	2
149	4
150	2
151	3
152	3
153	5
154	1
155	1
156	4
157	2
158	7
159	2
160	8
161	3
162	1
163	5
164	1
165	4
166	5
167	3
168	5
169	2
170	0
171	1
172	3
173	2
174	2
175	0
176	1
177	5
178	2
179	0
180	6
181	3
182	2
183	3
184	0
185	1
186	2
187	2
188	5
189	3
190	3
191	3
192	6
193	3
194	2
195	1
196	0
197	3
198	4
199	2
200	3
201	5
202	6
203	3
204	2
205	1
206	1
207	4
208	5
209	2
210	4
211	1
212	1
213	3
214	2
215	5
216	4
217	1
218	1
219	4
220	3
221	1
222	1
223	4
224	3
225	2
226	3
227	1
228	2
229	1
230	3
231	5
232	3
233	1
234	2
235	1
236	4
237	2
238	6
239	3
240	3
241	9
242	1
243	2
244	3
245	4
246	6
247	2
248	2
249	3
250	1
251	5
252	1
253	2
254	3
255	3
256	6
257	2
258	3
259	2
260	6
261	2
262	6
263	4
264	2
265	4
266	1
267	4
268	1
269	2
270	1
271	5
272	1
273	2
274	5
275	4
276	3
277	4
278	6
279	0
280	2
281	7
282	4
283	6
284	5
285	3
286	3
287	3
288	3
289	6
290	4
291	4
292	3
293	0
294	1
295	5
296	1
297	0
298	1
299	4
300	2
301	3
302	3
303	4
304	3
305	4
306	0
307	2
308	3
309	4
310	3
311	4
312	5
313	3
314	2
315	5
316	6
317	4
318	3
319	4
320	2
321	1
322	6
323	3
324	2
325	2
326	1
327	3
328	4
329	2
330	3
331	3
332	1
333	2
334	3
335	0
336	4
337	2
338	2
339	3
340	4
341	4
342	5
343	5
344	5
345	3
346	4
347	0
348	4
349	1
350	6
351	4
352	2
353	5
354	0
355	5
356	3
357	1
358	3
359	0
360	6
361	4
362	4
363	1
364	2
365	5
366	6
367	2
368	1
369	3
370	4
371	2
372	2
373	3
374	4
375	8
376	3
377	6
378	5
379	2
380	3
381	3
382	1
383	4
384	3
385	5
386	5
387	6
388	6
389	2
390	4
391	3
392	4
393	5
394	2
395	3
396	1
397	5
398	1
399	4
400	6
401	3
402	1
403	6
404	2
405	0
406	2
407	3
408	2
409	2
410	4
411	1
412	4
413	2
414	2
415	1
416	3
417	2
418	5
419	4
420	4
421	2
422	2
423	4
424	0
425	4
426	3
427	1
428	3
429	3
430	3
431	2
432	1
433	6
434	2
435	4
436	2
437	5
438	0
439	7
440	4
441	4
442	4
443	3
444	4
445	2
446	4
447	2
448	2
449	1
450	1
451	3
452	1
453	2
454	3
455	3
456	3
457	4
458	3
459	1
460	3
461	3
462	3
463	2
464	3
465	4
466	4
467	1
468	1
469	5
470	3
471	4
472	4
473	3
474	4
475	4
476	3
477	0
478	2
479	3
480	3
481	3
482	6
483	2
484	4
485	3
486	2
487	1
488	1
489	4
490	3
491	5
492	1
493	3
494	1
495	0
496	6
497	1
498	8
499	3
500	7
501	3
502	4
503	5
504	2
505	4
506	5
507	4
508	4
509	2
510	2
511	3
512	3
513	3
514	3
515	2
516	4
517	4
518	3
519	3
520	5
521	3
522	1
523	3
524	3
525	3
526	4
527	3
528	3
529	1
530	4
531	7
532	4
533	0
534	8
535	5
536	1
537	4
538	1
539	2
540	3
541	0
542	2
543	2
544	3
545	5
546	5
547	2
548	4
549	6
550	2
551	2
552	3
553	6
554	4
555	7
556	3
557	3
558	3
559	1
560	1
561	2
562	3
563	4
564	1
565	2
566	2
567	3
568	5
569	4
570	1
571	0
572	5
573	2
574	3
575	5
576	2
577	5
578	5
579	1
580	5
581	1
582	1
583	2
584	3
585	2
586	4
587	4
588	0
589	4
590	1
591	2
592	1
593	0
594	6
595	7
596	0
597	1
598	0
599	7
600	5
601	3
602	5
603	3
604	3
605	2
606	2
607	4
608	3
609	2
610	2
611	2
612	1
613	3
614	2
615	1
616	3
617	4
618	1
619	2
620	5
621	4
622	3
623	4
624	2
625	1
626	1
627	2
628	3
629	5
630	3
631	2
632	1
633	3
634	4
635	1
636	2
637	2
638	1
639	4
640	2
641	0
642	6
643	2
644	6
645	1
646	4
647	3
648	3
649	2
650	4
651	6
652	6
653	2
654	2
655	2
656	4
657	3
658	5
659	1
660	7
661	4
662	3
663	1
664	4
665	3
666	3
667	3
668	0
669	2
670	2
671	2
672	5
673	4
674	6
675	5
676	2
677	2
678	5
679	4
680	4
681	3
682	3
683	6
684	2
685	4
686	5
687	2
688	4
689	6
690	2
691	4
692	4
693	1
694	2
695	6
696	2
697	2
698	2
699	3
700	5
701	2
702	1
703	2
704	3
705	5
706	2
707	2
708	3
709	1
710	1
711	3
712	4
713	0
714	4
715	5
716	3
717	1
718	1
719	3
720	5
721	4
722	6
723	2
724	2
725	3
726	2
727	1
728	1
729	1
730	4
731	2
732	4
733	0
734	3
735	4
736	3
737	3
738	5
739	3
740	2
741	2
742	4
743	4
744	3
745	3
746	5
747	5
748	3
749	7
750	4
751	4
752	1
753	6
754	2
755	5
756	2
757	3
758	1
759	6
760	4
761	5
762	5
763	4
764	2
765	4
766	2
767	2
768	3
769	6
770	4
771	3
772	4
773	6
774	1
775	2
776	4
777	3
778	4
779	6
780	3
781	3
782	4
783	6
784	1
785	1
786	4
787	5
788	2
789	4
790	4
791	3
792	5
793	2
794	1
795	2
796	3
797	1
798	6
799	2
800	4
801	3
802	2
803	4
804	4
805	4
806	2
807	1
808	3
809	4
810	0
811	3
812	4
813	4
814	5
815	5
816	5
817	4
818	5
819	1
820	1
821	4
822	7
823	3
824	2
825	2
826	3
827	4
828	4
829	3
830	3
831	3
832	2
833	2
834	4
835	5
836	4
837	4
838	2
839	2
840	0
841	4
842	3
843	4
844	2
845	4
846	6
847	1
848	1
849	3
850	1
851	6
852	5
853	1
854	3
855	3
856	0
857	1
858	1
859	6
860	0
861	3
862	4
863	2
864	2
865	3
866	2
867	3
868	3
869	5
870	6
871	4
872	5
873	3
874	1
875	5
876	4
877	2
878	4
879	1
880	4
881	2
882	2
883	4
884	3
885	3
886	4
887	2
888	0
889	2
890	0
891	2
892	7
893	2
894	7
895	3
896	5
897	5
898	3
899	3
900	2
901	2
902	7
903	0
904	1
905	4
906	4
907	6
908	4
909	2
910	4
911	5
912	4
913	2
914	3
915	4
916	4
917	7
918	5
919	4
920	2
921	0
922	1
923	4
924	5
925	4
926	4
927	4
928	4
929	5
930	4
931	7
932	4
933	5
934	5
935	1
936	3
937	2
938	1
939	2
940	2
941	5
942	4
943	4
944	4
945	3
946	3
947	5
948	5
949	4
950	2
951	4
952	4
953	6
954	2
955	3
956	1
957	0
958	3
959	1
960	2
961	0
962	3
963	1
964	3
965	2
966	2
967	5
968	2
969	3
970	0
971	2
972	2
973	1
974	1
975	4
976	2
977	5
978	2
979	2
980	3
981	4
982	1
983	4
984	2
985	2
986	3
987	2
988	5
989	5
990	4
991	6
992	3
993	0
994	1
995	3
996	2
997	2
998	2
999	3
1000	1
1001	1
1002	4
1003	3
1004	3
1005	2
1006	5
1007	3
1008	2
1009	1
1010	3
1011	2
1012	2
1013	5
1014	5
1015	4
1016	4
1017	5
1018	4
1019	1
1020	1
1021	5
1022	4
1023	4
1024	2
1025	2
1026	3
1027	3
1028	3
1029	2
1030	2
1031	3
1032	2
1033	1
1034	3
1035	3
1036	2
1037	6
1038	3
1039	2
1040	2
1041	5
1042	5
1043	3
1044	1
1045	5
1046	2
1047	5
1048	7
1049	2
1050	0
1051	3
1052	4
1053	3
1054	5
1055	3
1056	3
1057	5
1058	1
1059	1
1060	4
1061	2
1062	5
1063	3
1064	4
1065	6
1066	6
1067	1
1068	1
1069	2
1070	0
1071	2
1072	3
1073	1
1074	4
1075	6
1076	2
1077	1
1078	1
1079	2
1080	1
1081	5
1082	3
1083	2
1084	7
1085	2
1086	0
1087	2
1088	1
1089	4
1090	1
1091	3
1092	7
1093	1
1094	6
1095	1
1096	2
1097	5
1098	6
1099	4
1100	1
1101	1
1102	1
1103	2
1104	4
1105	2
1106	4
1107	4
1108	2
1109	2
1110	3
1111	2
1112	5
1113	3
1114	2
1115	1
1116	4
1117	3
1118	3
1119	0
1120	3
1121	1
1122	3
1123	2
1124	2
1125	2
1126	4
1127	4
1128	2
1129	3
1130	6
1131	3
1132	2
1133	1
1134	0
1135	1
1136	4
1137	4
1138	4
1139	3
1140	7
1141	3
1142	3
1143	4
1144	3
1145	1
1146	1
1147	3
1148	2
1149	3
1150	4
1151	3
1152	2
1153	4
1154	0
1155	3
1156	1
1157	5
1158	1
1159	2
1160	4
1161	4
1162	1
1163	2
1164	4
1165	7
1166	5
1167	1
1168	5
1169	1
1170	6
1171	4
1172	1
1173	9
1174	1
1175	3
1176	3
1177	3
1178	3
1179	5
1180	2
1181	5
1182	4
1183	5
1184	3
1185	4
1186	1
1187	1
1188	3
1189	2
1190	4
1191	3
1192	2
1193	5
1194	2
1195	1
1196	4
1197	0
1198	1
1199	1
1200	1
1201	1
1202	4
1203	2
1204	3
1205	3
1206	2
1207	2
1208	3
1209	3
1210	1
1211	3
1212	2
1213	8
1214	3
1215	2
1216	6
1217	4
1218	2
1219	1
1220	2
1221	2
1222	2
1223	6
1224	4
1225	4
1226	2
1227	2
1228	3
1229	5
1230	3
1231	4
1232	1
1233	5
1234	6
1235	3
1236	1
1237	5
1238	3
1239	2
1240	1
1241	1
1242	5
1243	0
1244	5
1245	3
1246	4
1247	1
1248	2
1249	1
1250	3
1251	2
1252	2
1253	2
1254	6
1255	7
1256	1
1257	4
1258	3
1259	3
1260	3
1261	0
1262	0
1263	4
1264	5
1265	2
1266	3
1267	2
1268	5
1269	5
1270	3
1271	2
1272	3
1273	3
1274	6
1275	3
1276	3
1277	1
1278	2
1279	3
1280	4
1281	1
1282	0
1283	2
1284	5
1285	3
1286	3
1287	1
1288	1
1289	3
1290	7
1291	3
1292	2
1293	3
1294	1
1295	2
1296	3
1297	3
1298	4
1299	1
1300	5
1301	3
1302	5
1303	2
1304	3
1305	0
1306	4
1307	1
1308	4
1309	2
1310	1
1311	2
1312	1
1313	3
1314	5
1315	5
1316	2
1317	4
1318	3
1319	1
1320	3
1321	3
1322	1
1323	8
1324	2
1325	2
1326	5
1327	3
1328	1
1329	3
1330	2
1331	3
1332	3
1333	1
1334	6
1335	11
1336	6
1337	1
1338	2
1339	2
1340	3
1341	4
1342	0
1343	2
1344	2
1345	4
1346	6
1347	0
1348	5
1349	2
1350	2
1351	4
1352	3
1353	6
1354	5
1355	3
1356	1
1357	2
1358	2
1359	3
1360	1
1361	3
1362	3
1363	1
1364	3
1365	3
1366	4
1367	3
1368	2
1369	3
1370	1
1371	2
1372	4
1373	0
1374	3
1375	5
1376	6
1377	1
1378	3
1379	3
1380	5
1381	4
1382	4
1383	4
1384	1
1385	5
1386	1
1387	4
1388	4
1389	4
1390	4
1391	4
1392	2
1393	1
1394	2
1395	1
1396	3
1397	5
1398	3
1399	6
1400	3
1401	2
1402	1
1403	3
1404	6
1405	2
1406	4
1407	1
1408	5
1409	0
1410	4
1411	2
1412	2
1413	4
1414	4
1415	3
1416	1
1417	5
1418	5
1419	4
1420	2
1421	4
1422	1
1423	4
1424	4
1425	5
1426	4
1427	2
1428	4
1429	2
1430	2
1431	2
1432	3
1433	6
1434	2
1435	2
1436	3
1437	1
1438	0
1439	0
1440	1
1441	2
1442	3
1443	3
1444	1
1445	2
1446	2
1447	7
1448	3
1449	5
1450	5
1451	3
1452	1
1453	4
1454	7
1455	3
1456	0
1457	2
1458	4
1459	1
1460	5
1461	3
1462	2
1463	7
1464	6
1465	2
1466	1
1467	5
1468	1
1469	1
1470	2
1471	5
1472	0
1473	3
1474	2
1475	1
1476	1
1477	2
1478	1
1479	4
1480	2
1481	2
1482	4
1483	2
1484	4
1485	1
1486	2
1487	3
1488	5
1489	0
1490	5
1491	0
1492	0
1493	2
1494	5
1495	3
1496	2
1497	2
1498	4
1499	1
1500	3
1501	5
1502	4
1503	3
1504	5
1505	1
1506	6
1507	2
1508	2
1509	6
1510	6
1511	1
1512	4
1513	3
1514	3
1515	6
1516	2
1517	2
1518	3
1519	1
1520	2
1521	2
1522	6
1523	0
1524	0
1525	5
1526	6
1527	1
1528	3
1529	2
1530	3
1531	2
1532	3
1533	3
1534	3
1535	3
1536	6
1537	2
1538	1
1539	1
1540	3
1541	5
1542	3
1543	4
1544	3
1545	3
1546	3
1547	2
1548	3
1549	4
1550	5
1551	4
1552	3
1553	4
1554	3
1555	4
1556	5
1557	5
1558	2
1559	4
1560	1
1561	2
1562	6
1563	4
1564	2
1565	7
1566	4
1567	3
1568	1
1569	3
1570	3
1571	4
1572	3
1573	0
1574	0
1575	4
1576	2
1577	1
1578	3
1579	5
1580	4
1581	3
1582	0
1583	3
1584	2
1585	1
1586	1
1587	1
1588	2
1589	4
1590	3
1591	6
1592	3
1593	2
1594	5
1595	1
1596	1
1597	3
1598	6
1599	3
1600	3
1601	2
1602	4
1603	0
1604	1
1605	1
1606	3
1607	2
1608	3
1609	1
1610	1
1611	4
1612	3
1613	1
1614	1
1615	2
1616	1
1617	0
1618	3
1619	7
1620	9
1621	1
1622	2
1623	7
1624	4
1625	2
1626	4
1627	3
1628	1
1629	5
1630	4
1631	5
1632	6
1633	3
1634	3
1635	3
1636	2
1637	3
1638	3
1639	3
1640	4
1641	8
1642	5
1643	2
1644	5
1645	2
1646	4
1647	2
1648	0
1649	1
1650	6
1651	2
1652	5
1653	4
1654	6
1655	6
1656	4
1657	1
1658	4
1659	3
1660	1
1661	2
1662	5
1663	1
1664	3
1665	1
1666	5
1667	1
1668	1
1669	0
1670	0
1671	1
1672	4
1673	5
1674	5
1675	1
1676	2
1677	3
1678	7
1679	3
1680	3
1681	3
1682	4
1683	0
1684	4
1685	6
1686	3
1687	5
1688	2
1689	2
1690	3
1691	3
1692	4
1693	2
1694	3
1695	1
1696	1
1697	3
1698	3
1699	2
1700	1
1701	1
1702	6
1703	4
1704	2
1705	3
1706	2
1707	4
1708	2
1709	4
1710	3
1711	4
1712	2
1713	2
1714	2
1715	2
1716	4
1717	3
1718	5
1719	6
1720	4
1721	0
1722	5
1723	4
1724	1
1725	4
1726	2
1727	3
1728	3
1729	5
1730	2
1731	3
1732	2
1733	3
1734	3
1735	3
1736	1
1737	3
1738	4
1739	2
1740	4
1741	8
1742	2
1743	1
1744	4
1745	4
1746	4
1747	2
1748	5
1749	3
1750	7
1751	2
1752	6
1753	2
1754	5
1755	3
1756	5
1757	2
1758	2
1759	3
1760	3
1761	2
1762	4
1763	0
1764	3
1765	3
1766	3
1767	2
1768	2
1769	3
1770	6
1771	6
1772	3
1773	2
1774	1
1775	1
1776	5
1777	2
1778	3
1779	3
1780	0
1781	5
1782	1
1783	5
1784	2
1785	3
1786	4
1787	4
1788	0
1789	3
1790	1
1791	5
1792	2
1793	2
1794	4
1795	2
1796	3
1797	3
1798	2
1799	4
1800	2
1801	3
1802	2
1803	1
1804	7
1805	3
1806	5
1807	0
1808	3
1809	4
1810	2
1811	3
1812	2
1813	3
1814	3
1815	4
1816	8
1817	9
1818	2
1819	2
1820	2
1821	0
1822	3
1823	1
1824	4
1825	3
1826	1
1827	3
1828	4
1829	4
1830	4
1831	1
1832	5
1833	6
1834	3
1835	3
1836	3
1837	2
1838	7
1839	3
1840	2
1841	3
1842	5
1843	4
1844	2
1845	3
1846	2
1847	3
1848	5
1849	3
1850	4
1851	4
1852	2
1853	4
1854	3
1855	6
1856	3
1857	6
1858	3
1859	3
1860	4
1861	5
1862	3
1863	2
1864	0
1865	6
1866	2
1867	1
1868	4
1869	2
1870	2
1871	4
1872	1
1873	2
1874	2
1875	3
1876	3
1877	3
1878	2
1879	3
1880	1
1881	4
1882	3
1883	2
1884	3
1885	0
1886	5
1887	3
1888	2
1889	3
1890	1
1891	5
1892	1
1893	2
1894	4
1895	2
1896	4
1897	0
1898	2
1899	2
1900	3
1901	4
1902	4
1903	7
1904	4
1905	5
1906	4
1907	3
1908	2
1909	5
1910	3
1911	6
1912	3
1913	4
1914	5
1915	5
1916	2
1917	2
1918	2
1919	4
1920	5
1921	0
1922	1
1923	1
1924	2
1925	1
1926	4
1927	3
1928	3
1929	3
1930	2
1931	3
1932	6
1933	6
1934	2
1935	1
1936	3
1937	5
1938	2
1939	4
1940	3
1941	5
1942	2
1943	4
1944	7
1945	4
1946	1
1947	3
1948	3
1949	1
1950	3
1951	2
1952	2
1953	5
1954	0
1955	2
1956	4
1957	5
1958	3
1959	4
1960	3
1961	4
1962	3
1963	1
1964	3
1965	2
1966	3
1967	3
1968	3
1969	3
1970	3
1971	3
1972	2
1973	3
1974	4
1975	2
1976	0
1977	3
1978	4
1979	0
1980	3
1981	3
1982	2
1983	4
1984	4
1985	7
1986	4
1987	4
1988	3
1989	2
1990	5
1991	2
1992	6
1993	3
1994	5
1995	2
1996	1
1997	6
1998	1
1999	3
2000	6
2001	2
2002	5
2003	2
2004	4
2005	3
2006	2
2007	4
2008	3
2009	2
2010	8
2011	4
2012	2
2013	4
2014	9
2015	3
2016	5
2017	3
2018	4
2019	3
2020	4
2021	2
2022	1
2023	4
2024	4
2025	8
2026	6
2027	2
2028	1
2029	3
2030	0
2031	5
2032	4
2033	1
2034	5
2035	1
2036	2
2037	4
2038	3
2039	2
2040	4
2041	4
2042	2
2043	4
2044	0
2045	4
2046	1
2047	3
2048	3
2049	3
2050	2
2051	4
2052	1
2053	6
2054	3
2055	3
2056	3
2057	4
2058	4
2059	2
2060	5
2061	1
2062	5
2063	2
2064	2
2065	3
2066	4
2067	2
2068	5
2069	2
2070	2
2071	2
2072	4
2073	1
2074	4
2075	1
2076	8
2077	5
2078	0
2079	6
2080	3
2081	2
2082	0
2083	2
2084	1
2085	4
2086	4
2087	2
2088	2
2089	3
2090	4
2091	0
2092	1
2093	4
2094	3
2095	5
2096	2
2097	1
2098	3
2099	3
2100	5
2101	1
2102	4
2103	3
2104	1
2105	1
2106	5
2107	2
2108	2
2109	3
2110	6
2111	4
2112	4
2113	4
2114	3
2115	4
2116	4
2117	1
2118	4
2119	2
2120	1
2121	4
2122	1
2123	3
2124	2
2125	1
2126	2
2127	0
2128	2
2129	5
2130	3
2131	5
2132	2
2133	3
2134	3
2135	3
2136	2
2137	1
2138	4
2139	1
2140	2
2141	3
2142	2
2143	5
2144	3
2145	2
2146	5
2147	1
2148	4
2149	3
2150	1
2151	4
2152	1
2153	4
2154	3
2155	2
2156	4
2157	1
2158	2
2159	7
2160	1
2161	3
2162	3
2163	3
2164	2
2165	3
2166	1
2167	5
2168	2
2169	2
2170	5
2171	3
2172	2
2173	5
2174	7
2175	3
2176	7
2177	7
2178	3
2179	4
2180	3
2181	2
2182	2
2183	4
2184	2
2185	1
2186	5
2187	3
2188	0
2189	4
2190	1
2191	4
2192	3
2193	5
2194	2
2195	1
2196	2
2197	5
2198	3
2199	1
2200	3
2201	2
2202	5
2203	6
2204	2
2205	6
2206	3
2207	3
2208	3
2209	4
2210	5
2211	5
2212	6
2213	1
2214	2
2215	4
2216	6
2217	1
2218	3
2219	3
2220	3
2221	5
2222	2
2223	2
2224	3
2225	5
2226	3
2227	3
2228	1
2229	1
2230	7
2231	2
2232	3
2233	6
2234	4
2235	3
2236	6
2237	4
2238	2
2239	3
2240	4
2241	6
2242	3
2243	2
2244	1
2245	4
2246	2
2247	0
2248	3
2249	6
2250	4
2251	4
2252	4
2253	2
2254	4
2255	1
2256	2
2257	3
2258	7
2259	4
2260	6
2261	5
2262	2
2263	1
2264	2
2265	2
2266	4
2267	2
2268	3
2269	1
2270	1
2271	1
2272	2
2273	2
2274	4
2275	5
2276	4
2277	5
2278	4
2279	2
2280	3
2281	8
2282	5
2283	4
2284	3
2285	4
2286	4
2287	4
2288	3
2289	8
2290	8
2291	0
2292	4
2293	5
2294	6
2295	5
2296	1
2297	5
2298	3
2299	2
2300	4
2301	7
2302	4
2303	6
2304	3
2305	3
2306	1
2307	4
2308	3
2309	4
2310	1
2311	4
2312	2
2313	7
2314	2
2315	1
2316	4
2317	4
2318	5
2319	3
2320	3
2321	2
2322	7
2323	1
2324	6
2325	4
2326	4
2327	5
2328	3
2329	4
2330	3
2331	4
2332	4
2333	4
2334	4
2335	2
2336	3
2337	1
2338	3
2339	5
2340	1
2341	4
2342	2
2343	6
2344	3
2345	5
2346	4
2347	1
2348	6
2349	8
2350	1
2351	5
2352	2
2353	4
2354	4
2355	6
2356	7
2357	3
2358	5
2359	4
2360	0
2361	3
2362	2
2363	2
2364	1
2365	1
2366	5
2367	2
2368	5
2369	3
2370	3
2371	3
2372	2
2373	3
2374	4
2375	0
2376	7
2377	6
2378	4
2379	2
2380	5
2381	5
2382	4
2383	3
2384	6
2385	2
2386	4
2387	3
2388	2
2389	2
2390	3
2391	2
2392	1
2393	7
2394	1
2395	2
2396	3
2397	2
2398	4
2399	3
2400	0
2401	2
2402	7
2403	1
2404	4
2405	1
2406	5
2407	5
2408	0
2409	2
2410	2
2411	4
2412	3
2413	3
2414	2
2415	1
2416	0
2417	4
2418	2
2419	1
2420	2
2421	5
2422	2
2423	1
2424	5
2425	1
2426	2
2427	2
2428	3
2429	3
2430	2
2431	3
2432	5
2433	2
2434	9
2435	4
2436	1
2437	5
2438	4
2439	6
2440	4
2441	2
2442	4
2443	4
2444	4
2445	4
2446	0
2447	3
2448	2
2449	4
2450	3
2451	2
2452	2
2453	2
2454	4
2455	2
2456	2
2457	6
2458	1
2459	5
2460	2
2461	2
2462	1
2463	4
2464	2
2465	6
2466	6
2467	2
2468	2
2469	1
2470	3
2471	1
2472	2
2473	2
2474	1
2475	4
2476	2
2477	1
2478	3
2479	2
2480	1
2481	5
2482	2
2483	2
2484	1
2485	4
2486	2
2487	2
2488	5
2489	3
2490	2
2491	1
2492	4
2493	2
2494	1
2495	3
2496	5
2497	4
2498	4
2499	2
2500	1
2501	4
2502	5
2503	3
2504	3
2505	2
2506	2
2507	3
2508	6
2509	1
2510	2
2511	3
2512	6
2513	5
2514	1
2515	2
2516	4
2517	2
2518	6
2519	0
2520	7
2521	3
2522	3
2523	2
2524	2
2525	2
2526	5
2527	2
2528	0
2529	2
2530	1
2531	2
2532	5
2533	4
2534	2
2535	2
2536	4
2537	5
2538	5
2539	2
2540	2
2541	0
2542	1
2543	6
2544	3
2545	0
2546	6
2547	1
2548	4
2549	1
2550	1
2551	4
2552	3
2553	3
2554	1
2555	4
2556	3
2557	0
2558	3
2559	1
2560	1
2561	1
2562	1
2563	2
2564	4
2565	1
2566	1
2567	2
2568	4
2569	4
2570	2
2571	4
2572	4
2573	2
2574	3
2575	4
2576	4
2577	4
2578	4
2579	2
2580	1
2581	2
2582	3
2583	5
2584	2
2585	1
2586	1
2587	3
2588	0
2589	3
2590	4
2591	4
2592	4
2593	2
2594	7
2595	2
2596	4
2597	2
2598	0
2599	5
2600	4
2601	2
2602	4
2603	4
2604	4
2605	3
2606	3
2607	3
2608	3
2609	6
2610	5
2611	2
2612	1
2613	3
2614	1
2615	3
2616	2
2617	3
2618	1
2619	1
2620	4
2621	1
2622	1
2623	2
2624	2
2625	2
2626	4
2627	1
2628	3
2629	3
2630	4
2631	5
2632	1
2633	1
2634	2
2635	3
2636	2
2637	3
2638	3
2639	3
2640	2
2641	2
2642	3
2643	3
2644	3
2645	1
2646	1
2647	3
2648	1
2649	3
2650	3
2651	0
2652	2
2653	1
2654	1
2655	2
2656	1
2657	5
2658	1
2659	1
2660	2
2661	2
2662	1
2663	1
2664	5
2665	2
2666	6
2667	5
2668	5
2669	2
2670	0
2671	3
2672	1
2673	2
2674	3
2675	2
2676	5
2677	3
2678	2
2679	2
2680	3
2681	1
2682	5
2683	1
2684	4
2685	2
2686	3
2687	2
2688	3
2689	5
2690	3
2691	3
2692	2
2693	1
2694	1
2695	3
2696	3
2697	6
2698	3
2699	2
2700	7
2701	1
2702	3
2703	3
2704	3
2705	1
2706	3
2707	7
2708	5
2709	2
2710	2
2711	3
2712	3
2713	5
2714	7
2715	1
2716	2
2717	4
2718	6
2719	3
2720	0
2721	3
2722	2
2723	2
2724	1
2725	5
2726	1
2727	2
2728	5
2729	1
2730	4
2731	3
2732	3
2733	1
2734	4
2735	4
2736	2
2737	7
2738	3
2739	1
2740	1
2741	3
2742	2
2743	1
2744	2
2745	3
2746	6
2747	2
2748	3
2749	2
2750	0
2751	2
2752	5
2753	2
2754	2
2755	2
2756	3
2757	1
2758	6
2759	2
2760	3
2761	0
2762	4
2763	3
2764	5
2765	2
2766	1
2767	8
2768	2
2769	3
2770	3
2771	2
2772	2
2773	2
2774	4
2775	6
2776	2
2777	4
2778	2
2779	1
2780	1
2781	3
2782	4
2783	4
2784	2
2785	5
2786	0
2787	2
2788	5
2789	3
2790	8
2791	6
2792	3
2793	1
2794	2
2795	7
2796	4
2797	1
2798	1
2799	2
2800	8
2801	2
2802	1
2803	4
2804	4
2805	1
2806	3
2807	2
2808	1
2809	3
2810	3
2811	0
2812	4
2813	1
2814	4
2815	2
2816	4
2817	3
2818	1
2819	4
2820	2
2821	0
2822	5
2823	1
2824	5
2825	5
2826	2
2827	4
2828	3
2829	3
2830	2
2831	2
2832	1
2833	1
2834	1
2835	0
2836	8
2837	4
2838	1
2839	1
2840	2
2841	5
2842	5
2843	3
2844	3
2845	4
2846	4
2847	5
2848	4
2849	1
2850	3
2851	2
2852	2
2853	5
2854	6
2855	3
2856	5
2857	4
2858	2
2859	3
2860	5
2861	6
2862	4
2863	4
2864	3
2865	3
2866	0
2867	3
2868	4
2869	3
2870	4
2871	1
2872	2
2873	3
2874	6
2875	5
2876	9
2877	3
2878	3
2879	2
2880	1
2881	3
2882	1
2883	2
2884	1
2885	4
2886	6
2887	1
2888	4
2889	8
2890	4
2891	2
2892	2
2893	5
2894	2
2895	0
2896	2
2897	2
2898	2
2899	3
2900	0
2901	4
2902	2
2903	4
2904	1
2905	6
2906	5
2907	4
2908	4
2909	1
2910	1
2911	2
2912	0
2913	0
2914	3
2915	2
2916	5
2917	4
2918	0
2919	3
2920	3
2921	1
2922	3
2923	6
2924	2
2925	3
2926	4
2927	3
2928	4
2929	3
2930	4
2931	1
2932	3
2933	6
2934	2
2935	2
2936	4
2937	4
2938	5
2939	2
2940	2
2941	3
2942	2
2943	4
2944	3
2945	1
2946	6
2947	5
2948	3
2949	4
2950	1
2951	7
2952	4
2953	2
2954	2
2955	0
2956	2
2957	1
2958	4
2959	2
2960	3
2961	1
2962	2
2963	2
2964	5
2965	2
2966	7
2967	1
2968	5
2969	1
2970	5
2971	1
2972	4
2973	2
2974	5
2975	5
2976	4
2977	3
2978	4
2979	4
2980	1
2981	3
2982	3
2983	2
2984	3
2985	4
2986	3
2987	2
2988	2
2989	2
2990	2
2991	4
2992	5
2993	1
2994	4
2995	3
2996	2
2997	4
2998	3
2999	4
3000	3
3001	3
3002	2
3003	3
3004	4
3005	3
3006	0
3007	2
3008	4
3009	2
3010	2
3011	6
3012	0
3013	4
3014	4
3015	1
3016	3
3017	3
3018	0
3019	2
3020	6
3021	3
3022	1
3023	2
3024	1
3025	1
3026	2
3027	0
3028	4
3029	1
3030	4
3031	5
3032	0
3033	6
3034	2
3035	4
3036	4
3037	3
3038	3
3039	7
3040	7
3041	0
3042	2
3043	3
3044	4
3045	1
3046	3
3047	2
3048	6
3049	4
3050	8
3051	3
3052	5
3053	1
3054	2
3055	1
3056	4
3057	3
3058	3
3059	0
3060	2
3061	1
3062	3
3063	5
3064	1
3065	1
3066	0
3067	2
3068	1
3069	3
3070	1
3071	3
3072	3
3073	3
3074	1
3075	5
3076	5
3077	1
3078	4
3079	6
3080	3
3081	5
3082	1
3083	1
3084	1
3085	3
3086	4
3087	7
3088	1
3089	1
3090	2
3091	2
3092	3
3093	2
3094	2
3095	6
3096	6
3097	4
3098	6
3099	0
3100	4
3101	3
3102	8
3103	5
3104	2
3105	3
3106	3
3107	6
3108	0
3109	2
3110	7
3111	1
3112	3
3113	6
3114	4
3115	5
3116	4
3117	4
3118	1
3119	2
3120	4
3121	6
3122	3
3123	3
3124	1
3125	3
3126	1
3127	2
3128	1
3129	3
3130	2
3131	2
3132	3
3133	4
3134	5
3135	1
3136	1
3137	6
3138	4
3139	1
3140	2
3141	3
3142	2
3143	3
3144	4
3145	5
3146	6
3147	1
3148	1
3149	4
3150	1
3151	3
3152	5
3153	1
3154	2
3155	4
3156	0
3157	1
3158	2
3159	2
3160	3
3161	1
3162	5
3163	2
3164	3
3165	5
3166	4
3167	2
3168	3
3169	1
3170	2
3171	5
3172	6
3173	1
3174	3
3175	4
3176	4
3177	6
3178	2
3179	4
3180	4
3181	3
3182	1
3183	3
3184	3
3185	1
3186	5
3187	1
3188	1
3189	3
3190	1
3191	1
3192	0
3193	4
3194	3
3195	3
3196	2
3197	3
3198	5
3199	7
3200	1
3201	0
3202	5
3203	3
3204	1
3205	4
3206	3
3207	1
3208	3
3209	1
3210	5
3211	4
3212	5
3213	2
3214	2
3215	5
3216	1
3217	1
3218	2
3219	3
3220	3
3221	1
3222	0
3223	3
3224	5
3225	7
3226	1
3227	2
3228	2
3229	4
3230	2
3231	2
3232	7
3233	4
3234	1
3235	2
3236	3
3237	3
3238	1
3239	1
3240	5
3241	3
3242	3
3243	2
3244	2
3245	1
3246	4
3247	4
3248	1
3249	1
3250	6
3251	5
3252	3
3253	4
3254	1
3255	4
3256	2
3257	6
3258	1
3259	2
3260	5
3261	5
3262	4
3263	2
3264	7
3265	2
3266	7
3267	9
3268	2
3269	1
3270	3
3271	2
3272	2
3273	0
3274	6
3275	3
3276	5
3277	4
3278	1
3279	2
3280	1
3281	1
3282	5
3283	4
3284	3
3285	2
3286	5
3287	5
3288	2
3289	3
3290	3
3291	4
3292	3
3293	3
3294	3
3295	1
3296	3
3297	3
3298	4
3299	1
3300	5
3301	2
3302	3
3303	1
3304	0
3305	5
3306	1
3307	3
3308	2
3309	4
3310	5
3311	1
3312	4
3313	2
3314	2
3315	0
3316	2
3317	1
3318	4
3319	3
3320	1
3321	2
3322	4
3323	6
3324	4
3325	3
3326	4
3327	3
3328	4
3329	1
3330	5
3331	3
3332	3
3333	0
3334	1
3335	2
3336	4
3337	3
3338	3
3339	3
3340	0
3341	1
3342	2
3343	0
3344	6
3345	1
3346	9
3347	3
3348	4
3349	1
3350	0
3351	5
3352	1
3353	4
3354	5
3355	3
3356	1
3357	2
3358	3
3359	2
3360	2
3361	1
3362	4
3363	1
3364	5
3365	4
3366	2
3367	5
3368	5
3369	6
3370	5
3371	4
3372	4
3373	2
3374	6
3375	6
3376	0
3377	0
3378	2
3379	4
3380	0
3381	3
3382	2
3383	4
3384	4
3385	1
3386	3
3387	2
3388	1
3389	2
3390	6
3391	4
3392	3
3393	3
3394	2
3395	1
3396	3
3397	3
3398	3
3399	7
3400	0
3401	5
3402	2
3403	3
3404	4
3405	2
3406	7
3407	5
3408	3
3409	1
3410	2
3411	3
3412	5
3413	2
3414	4
3415	8
3416	7
3417	5
3418	6
3419	2
3420	4
3421	0
3422	4
3423	6
3424	4
3425	1
3426	4
3427	3
3428	4
3429	3
3430	5
3431	7
3432	3
3433	3
3434	1
3435	7
3436	7
3437	3
3438	5
3439	3
3440	1
3441	3
3442	4
3443	3
3444	2
3445	3
3446	6
3447	3
3448	5
3449	2
3450	2
3451	2
3452	3
3453	1
3454	5
3455	2
3456	1
3457	6
3458	5
3459	3
3460	6
3461	1
3462	0
3463	0
3464	3
3465	4
3466	3
3467	4
3468	4
3469	3
3470	3
3471	1
3472	3
3473	1
3474	3
3475	2
3476	6
3477	1
3478	2
3479	2
3480	2
3481	1
3482	2
3483	4
3484	1
3485	4
3486	4
3487	5
3488	4
3489	2
3490	5
3491	1
3492	3
3493	1
3494	5
3495	7
3496	4
3497	5
3498	1
3499	0
3500	2
3501	4
3502	2
3503	2
3504	4
3505	4
3506	1
3507	3
3508	3
3509	1
3510	1
3511	3
3512	5
3513	6
3514	5
3515	4
3516	5
3517	2
3518	4
3519	1
3520	3
3521	2
3522	2
3523	4
3524	4
3525	3
3526	2
3527	5
3528	5
3529	3
3530	2
3531	4
3532	4
3533	5
3534	4
3535	3
3536	1
3537	4
3538	5
3539	6
3540	5
3541	2
3542	3
3543	1
3544	1
3545	3
3546	6
3547	2
3548	4
3549	4
3550	3
3551	6
3552	0
3553	3
3554	0
3555	3
3556	1
3557	5
3558	2
3559	2
3560	4
3561	5
3562	4
3563	3
3564	3
3565	2
3566	2
3567	4
3568	1
3569	3
3570	6
3571	2
3572	3
3573	4
3574	4
3575	4
3576	2
3577	1
3578	3
3579	4
3580	0
3581	2
3582	3
3583	2
3584	2
3585	1
3586	2
3587	4
3588	3
3589	1
3590	3
3591	4
3592	2
3593	6
3594	3
3595	1
3596	2
3597	5
3598	0
3599	4
3600	1
3601	5
3602	6
3603	3
3604	1
3605	3
3606	6
3607	4
3608	5
3609	0
3610	3
3611	5
3612	1
3613	4
3614	2
3615	0
3616	3
3617	3
3618	2
3619	1
3620	3
3621	0
3622	2
3623	2
3624	2
3625	3
3626	3
3627	4
3628	1
3629	1
3630	1
3631	3
3632	3
3633	2
3634	0
3635	1
3636	3
3637	1
3638	2
3639	0
3640	5
3641	1
3642	1
3643	3
3644	6
3645	2
3646	4
3647	3
3648	3
3649	4
3650	1
3651	2
3652	2
3653	4
3654	2
3655	4
3656	3
3657	2
3658	1
3659	5
3660	4
3661	3
3662	2
3663	1
3664	5
3665	6
3666	2
3667	1
3668	2
3669	0
3670	2
3671	7
3672	2
3673	3
3674	4
3675	1
3676	1
3677	1
3678	4
3679	2
3680	4
3681	4
3682	5
3683	6
3684	2
3685	6
3686	6
3687	5
3688	3
3689	4
3690	5
3691	5
3692	3
3693	4
3694	3
3695	3
3696	2
3697	2
3698	1
3699	0
3700	4
3701	5
3702	2
3703	4
3704	2
3705	7
3706	6
3707	7
3708	3
3709	2
3710	4
3711	1
3712	2
3713	4
3714	3
3715	1
3716	1
3717	5
3718	10
3719	3
3720	2
3721	1
3722	4
3723	1
3724	5
3725	2
3726	2
3727	1
3728	1
3729	3
3730	4
3731	0
3732	3
3733	1
3734	2
3735	2
3736	0
3737	1
3738	1
3739	1
3740	1
3741	1
3742	2
3743	0
3744	3
3745	8
3746	1
3747	2
3748	1
3749	4
3750	8
3751	3
3752	2
3753	4
3754	4
3755	4
3756	1
3757	1
3758	2
3759	1
3760	1
3761	3
3762	4
3763	1
3764	5
3765	1
3766	0
3767	1
3768	4
3769	4
3770	3
3771	3
3772	2
3773	5
3774	6
3775	4
3776	3
3777	6
3778	6
3779	4
3780	2
3781	4
3782	6
3783	1
3784	2
3785	1
3786	5
3787	4
3788	2
3789	5
3790	3
3791	2
3792	2
3793	2
3794	5
3795	3
3796	2
3797	1
3798	4
3799	1
3800	5
3801	3
3802	7
3803	4
3804	2
3805	4
3806	6
3807	3
3808	4
3809	5
3810	4
3811	2
3812	3
3813	0
3814	4
3815	1
3816	3
3817	2
3818	7
3819	2
3820	1
3821	4
3822	3
3823	5
3824	5
3825	4
3826	2
3827	4
3828	2
3829	3
3830	3
3831	1
3832	3
3833	2
3834	4
3835	6
3836	3
3837	1
3838	4
3839	1
3840	3
3841	3
3842	3
3843	2
3844	5
3845	3
3846	2
3847	3
3848	2
3849	5
3850	3
3851	4
3852	4
3853	2
3854	4
3855	1
3856	6
3857	7
3858	2
3859	3
3860	3
3861	1
3862	1
3863	3
3864	1
3865	3
3866	6
3867	3
3868	6
3869	6
3870	4
3871	5
3872	3
3873	4
3874	1
3875	1
3876	3
3877	6
3878	2
3879	5
3880	2
3881	4
3882	3
3883	5
3884	3
3885	4
3886	4
3887	2
3888	2
3889	3
3890	3
3891	4
3892	2
3893	6
3894	3
3895	2
3896	2
3897	4
3898	2
3899	3
3900	1
3901	5
3902	2
3903	2
3904	5
3905	4
3906	7
3907	2
3908	4
3909	1
3910	3
3911	1
3912	2
3913	6
3914	3
3915	2
3916	0
3917	4
3918	2
3919	3
3920	2
3921	5
3922	5
3923	5
3924	4
3925	3
3926	6
3927	2
3928	3
3929	5
3930	3
3931	3
3932	4
3933	3
3934	3
3935	5
3936	2
3937	3
3938	4
3939	6
3940	5
3941	8
3942	1
3943	2
3944	3
3945	1
3946	3
3947	5
3948	4
3949	3
3950	0
3951	2
3952	1
3953	1
3954	5
3955	1
3956	5
3957	3
3958	2
3959	10
3960	2
3961	2
3962	2
3963	1
3964	1
3965	2
3966	2
3967	4
3968	3
3969	1
3970	1
3971	3
3972	2
3973	4
3974	7
3975	1
3976	5
3977	3
3978	2
3979	5
3980	2
3981	2
3982	3
3983	2
3984	3
3985	1
3986	1
3987	1
3988	2
3989	2
3990	3
3991	0
3992	4
3993	3
3994	0
3995	3
3996	3
3997	2
3998	7
3999	4
4000	4
4001	7
4002	2
4003	1
4004	3
4005	3
4006	7
4007	4
4008	5
4009	5
4010	3
4011	3
4012	6
4013	1
4014	2
4015	1
4016	1
4017	3
4018	0
4019	2
4020	4
4021	2
4022	5
4023	2
4024	1
4025	7
4026	4
4027	3
4028	5
4029	7
4030	2
4031	8
4032	4
4033	2
4034	4
4035	1
4036	7
4037	3
4038	1
4039	1
4040	2
4041	6
4042	3
4043	1
4044	1
4045	6
4046	1
4047	3
4048	5
4049	4
4050	0
4051	2
4052	3
4053	0
4054	3
4055	2
4056	4
4057	0
4058	1
4059	2
4060	1
4061	3
4062	1
4063	2
4064	4
4065	3
4066	6
4067	2
4068	1
4069	2
4070	4
4071	2
4072	2
4073	5
4074	2
4075	3
4076	8
4077	3
4078	4
4079	4
4080	8
4081	3
4082	2
4083	2
4084	3
4085	1
4086	4
4087	0
4088	4
4089	2
4090	2
4091	1
4092	3
4093	1
4094	5
4095	4
4096	4
4097	0
4098	1
4099	2
4100	6
4101	3
4102	5
4103	2
4104	1
4105	8
4106	2
4107	2
4108	3
4109	0
4110	3
4111	6
4112	3
4113	5
4114	3
4115	4
4116	6
4117	4
4118	2
4119	2
4120	5
4121	7
4122	4
4123	2
4124	4
4125	1
4126	7
4127	5
4128	4
4129	4
4130	2
4131	4
4132	1
4133	5
4134	2
4135	2
4136	3
4137	0
4138	5
4139	6
4140	4
4141	2
4142	5
4143	2
4144	3
4145	0
4146	4
4147	5
4148	6
4149	5
4150	2
4151	5
4152	1
4153	2
4154	4
4155	5
4156	3
4157	1
4158	5
4159	4
4160	2
4161	2
4162	3
4163	3
4164	1
4165	2
4166	2
4167	4
4168	4
4169	1
4170	5
4171	4
4172	6
4173	2
4174	3
4175	3
4176	2
4177	3
4178	6
4179	0
4180	4
4181	1
4182	3
4183	4
4184	2
4185	3
4186	3
4187	1
4188	2
4189	1
4190	3
4191	0
4192	4
4193	6
4194	4
4195	3
4196	3
4197	0
4198	2
4199	3
4200	8
4201	5
4202	5
4203	2
4204	5
4205	4
4206	3
4207	2
4208	1
4209	4
4210	0
4211	5
4212	4
4213	2
4214	2
4215	1
4216	1
4217	4
4218	4
4219	3
4220	0
4221	2
4222	2
4223	3
4224	5
4225	2
4226	4
4227	2
4228	0
4229	2
4230	2
4231	1
4232	2
4233	3
4234	2
4235	0
4236	2
4237	3
4238	2
4239	5
4240	7
4241	2
4242	3
4243	6
4244	4
4245	2
4246	2
4247	1
4248	1
4249	6
4250	3
4251	4
4252	7
4253	4
4254	1
4255	6
4256	1
4257	2
4258	3
4259	5
4260	2
4261	2
4262	3
4263	5
4264	3
4265	4
4266	5
4267	1
4268	2
4269	5
4270	3
4271	2
4272	1
4273	1
4274	1
4275	4
4276	2
4277	5
4278	5
4279	5
4280	4
4281	4
4282	3
4283	3
4284	3
4285	3
4286	4
4287	1
4288	1
4289	1
4290	4
4291	4
4292	3
4293	3
4294	4
4295	3
4296	3
4297	4
4298	2
4299	2
4300	2
4301	3
4302	2
4303	2
4304	2
4305	2
4306	2
4307	4
4308	4
4309	2
4310	5
4311	3
4312	5
4313	0
4314	2
4315	4
4316	0
4317	1
4318	1
4319	3
4320	3
4321	4
4322	4
4323	1
4324	2
4325	1
4326	2
4327	2
4328	4
4329	2
4330	2
4331	2
4332	3
4333	1
4334	2
4335	3
4336	3
4337	1
4338	1
4339	5
4340	5
4341	3
4342	4
4343	4
4344	4
4345	2
4346	4
4347	1
4348	1
4349	5
4350	2
4351	3
4352	4
4353	3
4354	3
4355	2
4356	3
4357	2
4358	1
4359	3
4360	10
4361	4
4362	4
4363	3
4364	2
4365	2
4366	0
4367	6
4368	1
4369	2
4370	1
4371	1
4372	3
4373	4
4374	1
4375	2
4376	2
4377	1
4378	1
4379	2
4380	0
4381	2
4382	3
4383	1
4384	4
4385	2
4386	6
4387	5
4388	3
4389	2
4390	1
4391	1
4392	1
4393	5
4394	2
4395	6
4396	2
4397	6
4398	2
4399	3
4400	3
4401	2
4402	1
4403	1
4404	1
4405	2
4406	2
4407	0
4408	2
4409	3
4410	1
4411	3
4412	1
4413	3
4414	1
4415	2
4416	4
4417	2
4418	3
4419	3
4420	1
4421	2
4422	2
4423	5
4424	5
4425	4
4426	2
4427	2
4428	3
4429	11
4430	5
4431	3
4432	4
4433	1
4434	5
4435	4
4436	1
4437	3
4438	2
4439	3
4440	5
4441	2
4442	2
4443	4
4444	2
4445	1
4446	6
4447	3
4448	4
4449	2
4450	2
4451	2
4452	3
4453	1
4454	3
4455	3
4456	2
4457	2
4458	8
4459	2
4460	0
4461	2
4462	1
4463	1
4464	3
4465	2
4466	2
4467	2
4468	1
4469	2
4470	2
4471	2
4472	5
4473	5
4474	3
4475	2
4476	0
4477	3
4478	4
4479	4
4480	3
4481	5
4482	2
4483	5
4484	3
4485	4
4486	6
4487	3
4488	4
4489	1
4490	2
4491	3
4492	4
4493	4
4494	0
4495	0
4496	1
4497	8
4498	3
4499	2
4500	2
4501	3
4502	6
4503	4
4504	2
4505	5
4506	2
4507	2
4508	4
4509	4
4510	2
4511	6
4512	3
4513	3
4514	3
4515	2
4516	5
4517	4
4518	2
4519	2
4520	1
4521	4
4522	1
4523	6
4524	5
4525	2
4526	2
4527	1
4528	3
4529	0
4530	2
4531	5
4532	1
4533	2
4534	4
4535	3
4536	0
4537	3
4538	4
4539	5
4540	1
4541	2
4542	2
4543	3
4544	8
4545	2
4546	3
4547	6
4548	7
4549	5
4550	0
4551	3
4552	6
4553	1
4554	2
4555	3
4556	2
4557	1
4558	4
4559	1
4560	1
4561	2
4562	3
4563	1
4564	2
4565	2
4566	1
4567	4
4568	3
4569	3
4570	3
4571	3
4572	4
4573	1
4574	3
4575	2
4576	5
4577	0
4578	4
4579	7
4580	2
4581	5
4582	0
4583	5
4584	1
4585	3
4586	2
4587	6
4588	4
4589	3
4590	2
4591	3
4592	5
4593	3
4594	4
4595	1
4596	2
4597	1
4598	7
4599	3
4600	1
4601	2
4602	1
4603	2
4604	2
4605	4
4606	5
4607	5
4608	1
4609	1
4610	3
4611	2
4612	1
4613	1
4614	3
4615	4
4616	3
4617	5
4618	4
4619	3
4620	5
4621	0
4622	2
4623	1
4624	3
4625	3
4626	4
4627	2
4628	3
4629	3
4630	3
4631	2
4632	0
4633	1
4634	0
4635	5
4636	3
4637	5
4638	5
4639	3
4640	1
4641	2
4642	5
4643	0
4644	1
4645	4
4646	4
4647	4
4648	3
4649	2
4650	4
4651	0
4652	1
4653	2
4654	4
4655	3
4656	3
4657	2
4658	6
4659	4
4660	4
4661	6
4662	3
4663	1
4664	1
4665	7
4666	3
4667	3
4668	2
4669	1
4670	5
4671	2
4672	2
4673	3
4674	3
4675	3
4676	4
4677	0
4678	3
4679	2
4680	9
4681	2
4682	2
4683	1
4684	3
4685	3
4686	4
4687	1
4688	3
4689	3
4690	6
4691	1
4692	1
4693	4
4694	5
4695	0
4696	0
4697	0
4698	4
4699	0
4700	4
4701	4
4702	4
4703	5
4704	3
4705	4
4706	3
4707	0
4708	2
4709	2
4710	5
4711	2
4712	1
4713	1
4714	4
4715	2
4716	4
4717	0
4718	5
4719	3
4720	3
4721	3
4722	3
4723	2
4724	2
4725	3
4726	2
4727	3
4728	2
4729	7
4730	5
4731	2
4732	3
4733	4
4734	5
4735	3
4736	2
4737	3
4738	6
4739	2
4740	0
4741	2
4742	3
4743	5
4744	1
4745	3
4746	2
4747	3
4748	6
4749	3
4750	2
4751	5
4752	1
4753	4
4754	2
4755	0
4756	0
4757	5
4758	5
4759	3
4760	2
4761	1
4762	4
4763	2
4764	6
4765	2
4766	2
4767	1
4768	3
4769	0
4770	3
4771	4
4772	4
4773	1
4774	1
4775	4
4776	4
4777	1
4778	4
4779	4
4780	3
4781	4
4782	1
4783	4
4784	3
4785	1
4786	3
4787	1
4788	4
4789	4
4790	5
4791	2
4792	4
4793	1
4794	4
4795	10
4796	3
4797	1
4798	1
4799	3
4800	1
4801	3
4802	6
4803	3
4804	5
4805	3
4806	3
4807	3
4808	4
4809	5
4810	4
4811	5
4812	2
4813	3
4814	4
4815	4
4816	2
4817	4
4818	2
4819	3
4820	4
4821	1
4822	5
4823	6
4824	6
4825	2
4826	1
4827	4
4828	3
4829	4
4830	1
4831	3
4832	1
4833	2
4834	3
4835	5
4836	2
4837	6
4838	3
4839	3
4840	3
4841	5
4842	5
4843	3
4844	5
4845	7
4846	3
4847	3
4848	6
4849	1
4850	1
4851	2
4852	4
4853	2
4854	2
4855	3
4856	5
4857	0
4858	2
4859	2
4860	3
4861	3
4862	5
4863	1
4864	1
4865	5
4866	2
4867	5
4868	4
4869	2
4870	3
4871	3
4872	2
4873	4
4874	2
4875	2
4876	0
4877	3
4878	4
4879	3
4880	1
4881	1
4882	4
4883	5
4884	2
4885	5
4886	4
4887	3
4888	3
4889	1
4890	1
4891	5
4892	1
4893	2
4894	8
4895	3
4896	1
4897	2
4898	1
4899	3
4900	3
4901	0
4902	1
4903	3
4904	4
4905	1
4906	5
4907	8
4908	3
4909	2
4910	2
4911	2
4912	3
4913	1
4914	6
4915	3
4916	3
4917	3
4918	2
4919	2
4920	3
4921	3
4922	4
4923	4
4924	3
4925	3
4926	5
4927	1
4928	1
4929	7
4930	4
4931	1
4932	3
4933	0
4934	5
4935	2
4936	2
4937	7
4938	5
4939	2
4940	1
4941	4
4942	2
4943	1
4944	0
4945	5
4946	7
4947	3
4948	3
4949	6
4950	2
4951	4
4952	3
4953	4
4954	3
4955	1
4956	3
4957	1
4958	0
4959	3
4960	6
4961	7
4962	4
4963	2
4964	3
4965	2
4966	4
4967	5
4968	4
4969	5
4970	1
4971	1
4972	3
4973	5
4974	0
4975	2
4976	1
4977	3
4978	3
4979	2
4980	0
4981	3
4982	6
4983	5
4984	2
4985	1
4986	3
4987	6
4988	2
4989	1
4990	2
4991	4
4992	1
4993	0
4994	0
4995	1
4996	3
4997	2
4998	4
4999	2
5000	4
5001	1
5002	4
5003	1
5004	2
5005	2
5006	2
5007	2
5008	1
5009	4
5010	6
5011	2
5012	3
5013	4
5014	5
5015	0
5016	5
5017	9
5018	3
5019	1
5020	3
5021	3
5022	5
5023	2
5024	3
5025	6
5026	0
5027	2
5028	5
5029	2
5030	4
5031	3
5032	1
5033	1
5034	3
5035	3
5036	5
5037	9
5038	3
5039	0
5040	1
5041	3
5042	6
5043	2
5044	2
5045	5
5046	4
5047	6
5048	4
5049	3
5050	6
5051	2
5052	4
5053	6
5054	2
5055	5
5056	5
5057	1
5058	1
5059	3
5060	3
5061	4
5062	3
5063	0
5064	4
5065	2
5066	7
5067	4
5068	3
5069	4
5070	4
5071	2
5072	1
5073	3
5074	2
5075	3
5076	2
5077	3
5078	1
5079	3
5080	0
5081	4
5082	5
5083	3
5084	1
5085	2
5086	4
5087	1
5088	4
5089	2
5090	5
5091	3
5092	6
5093	2
5094	1
5095	3
5096	2
5097	7
5098	8
5099	3
5100	1
5101	2
5102	1
5103	3
5104	4
5105	3
5106	4
5107	3
5108	0
5109	3
5110	3
5111	4
5112	6
5113	1
5114	7
5115	2
5116	2
5117	3
5118	4
5119	3
5120	2
5121	2
5122	1
5123	3
5124	3
5125	3
5126	3
5127	2
5128	2
5129	3
5130	3
5131	5
5132	2
5133	2
5134	6
5135	6
5136	4
5137	5
5138	5
5139	7
5140	2
5141	2
5142	3
5143	0
5144	3
5145	4
5146	6
5147	3
5148	3
5149	2
5150	3
5151	3
5152	1
5153	0
5154	4
5155	7
5156	5
5157	3
5158	3
5159	4
5160	2
5161	6
5162	2
5163	2
5164	0
5165	3
5166	1
5167	6
5168	2
5169	3
5170	4
5171	5
5172	2
5173	2
5174	1
5175	4
5176	3
5177	4
5178	2
5179	4
5180	5
5181	5
5182	4
5183	1
5184	2
5185	2
5186	2
5187	2
5188	1
5189	2
5190	2
5191	4
5192	2
5193	3
5194	6
5195	3
5196	3
5197	2
5198	1
5199	3
5200	1
5201	2
5202	2
5203	1
5204	4
5205	3
5206	1
5207	3
5208	4
5209	4
5210	4
5211	2
5212	6
5213	1
5214	4
5215	1
5216	2
5217	1
5218	7
5219	6
5220	1
5221	4
5222	6
5223	1
5224	4
5225	3
5226	7
5227	3
5228	5
5229	1
5230	2
5231	3
5232	3
5233	4
5234	1
5235	1
5236	2
5237	3
5238	3
5239	1
5240	3
5241	6
5242	0
5243	4
5244	2
5245	2
5246	2
5247	1
5248	2
5249	2
5250	3
5251	5
5252	0
5253	2
5254	2
5255	3
5256	3
5257	2
5258	3
5259	4
5260	1
5261	3
5262	3
5263	3
5264	2
5265	3
5266	10
5267	4
5268	6
5269	1
5270	4
5271	4
5272	0
5273	0
5274	3
5275	1
5276	4
5277	4
5278	5
5279	2
5280	2
5281	3
5282	4
5283	5
5284	1
5285	3
5286	2
5287	3
5288	3
5289	6
5290	3
5291	3
5292	3
5293	5
5294	2
5295	3
5296	2
5297	3
5298	2
5299	3
5300	3
5301	3
5302	4
5303	1
5304	3
5305	4
5306	2
5307	2
5308	5
5309	3
5310	4
5311	2
5312	5
5313	2
5314	2
5315	6
5316	3
5317	2
5318	2
5319	2
5320	0
5321	2
5322	2
5323	6
5324	2
5325	6
5326	1
5327	4
5328	3
5329	3
5330	1
5331	0
5332	1
5333	1
5334	3
5335	2
5336	1
5337	0
5338	1
5339	4
5340	2
5341	3
5342	3
5343	4
5344	2
5345	5
5346	9
5347	2
5348	1
5349	3
5350	0
5351	2
5352	5
5353	2
5354	4
5355	3
5356	2
5357	3
5358	1
5359	3
5360	1
5361	2
5362	1
5363	1
5364	2
5365	1
5366	1
5367	1
5368	2
5369	3
5370	3
5371	3
5372	4
5373	4
5374	3
5375	3
5376	2
5377	2
5378	2
5379	2
5380	2
5381	0
5382	3
5383	0
5384	3
5385	4
5386	1
5387	1
5388	4
5389	1
5390	2
5391	2
5392	4
5393	2
5394	0
5395	2
5396	1
5397	5
5398	1
5399	3
5400	2
5401	3
5402	1
5403	3
5404	1
5405	6
5406	2
5407	4
5408	2
5409	3
5410	1
5411	2
5412	3
5413	2
5414	5
5415	4
5416	1
5417	3
5418	2
5419	4
5420	3
5421	7
5422	2
5423	3
5424	5
5425	2
5426	5
5427	2
5428	4
5429	4
5430	3
5431	0
5432	1
5433	1
5434	1
5435	2
5436	2
5437	2
5438	0
5439	2
5440	5
5441	3
5442	3
5443	6
5444	6
5445	0
5446	5
5447	3
5448	3
5449	2
5450	4
5451	2
5452	8
5453	2
5454	3
5455	5
5456	1
5457	2
5458	1
5459	3
5460	0
5461	4
5462	4
5463	2
5464	5
5465	1
5466	4
5467	1
5468	2
5469	7
5470	3
5471	4
5472	3
5473	5
5474	3
5475	5
5476	2
5477	1
5478	4
5479	4
5480	1
5481	1
5482	6
5483	5
5484	2
5485	4
5486	0
5487	2
5488	0
5489	1
5490	0
5491	7
5492	3
5493	5
5494	5
5495	6
5496	4
5497	0
5498	3
5499	3
5500	1
5501	5
5502	6
5503	1
5504	3
5505	5
5506	2
5507	7
5508	4
5509	6
5510	2
5511	0
5512	1
5513	0
5514	2
5515	3
5516	1
5517	3
5518	3
5519	2
5520	2
5521	6
5522	1
5523	2
5524	5
5525	3
5526	3
5527	5
5528	4
5529	3
5530	2
5531	3
5532	5
5533	1
5534	8
5535	4
5536	4
5537	2
5538	2
5539	2
5540	1
5541	3
5542	4
5543	7
5544	4
5545	2
5546	1
5547	0
5548	2
5549	2
5550	5
5551	1
5552	2
5553	4
5554	2
5555	3
5556	3
5557	1
5558	4
5559	1
5560	3
5561	2
5562	3
5563	4
5564	5
5565	3
5566	3
5567	5
5568	2
5569	6
5570	5
5571	4
5572	5
5573	1
5574	1
5575	4
5576	2
5577	3
5578	3
5579	0
5580	7
5581	2
5582	7
5583	7
5584	7
5585	1
5586	2
5587	0
5588	4
5589	2
5590	0
5591	2
5592	3
5593	3
5594	1
5595	1
5596	2
5597	3
5598	2
5599	0
5600	0
5601	3
5602	3
5603	2
5604	1
5605	3
5606	3
5607	5
5608	1
5609	3
5610	7
5611	2
5612	3
5613	4
5614	2
5615	1
5616	3
5617	0
5618	3
5619	5
5620	1
5621	5
5622	5
5623	3
5624	3
5625	4
5626	1
5627	2
5628	8
5629	6
5630	2
5631	4
5632	2
5633	1
5634	8
5635	4
5636	2
5637	2
5638	3
5639	3
5640	1
5641	5
5642	1
5643	5
5644	2
5645	2
5646	2
5647	1
5648	3
5649	1
5650	4
5651	1
5652	3
5653	2
5654	3
5655	0
5656	2
5657	3
5658	7
5659	5
5660	4
5661	2
5662	6
5663	3
5664	1
5665	4
5666	2
5667	4
5668	7
5669	4
5670	4
5671	4
5672	4
5673	4
5674	0
5675	3
5676	2
5677	4
5678	3
5679	6
5680	4
5681	5
5682	4
5683	2
5684	1
5685	7
5686	4
5687	4
5688	6
5689	2
5690	0
5691	1
5692	2
5693	2
5694	1
5695	3
5696	2
5697	2
5698	3
5699	2
5700	8
5701	3
5702	1
5703	6
5704	8
5705	2
5706	3
5707	6
5708	1
5709	2
5710	3
5711	2
5712	4
5713	2
5714	3
5715	0
5716	2
5717	3
5718	4
5719	2
5720	2
5721	2
5722	2
5723	6
5724	2
5725	3
5726	4
5727	2
5728	3
5729	3
5730	3
5731	3
5732	2
5733	1
5734	1
5735	5
5736	3
5737	4
5738	2
5739	0
5740	5
5741	1
5742	1
5743	3
5744	1
5745	4
5746	3
5747	4
5748	2
5749	2
5750	1
5751	0
5752	4
5753	1
5754	3
5755	4
5756	2
5757	2
5758	5
5759	1
5760	1
5761	2
5762	5
5763	1
5764	2
5765	5
5766	4
5767	2
5768	2
5769	2
5770	5
5771	1
5772	5
5773	2
5774	5
5775	2
5776	4
5777	5
5778	1
5779	2
5780	1
5781	1
5782	3
5783	2
5784	4
5785	2
5786	4
5787	4
5788	3
5789	4
5790	6
5791	2
5792	5
5793	2
5794	2
5795	5
5796	5
5797	4
5798	1
5799	2
5800	0
5801	4
5802	5
5803	2
5804	0
5805	4
5806	2
5807	0
5808	2
5809	4
5810	7
5811	3
5812	2
5813	4
5814	2
5815	3
5816	2
5817	5
5818	4
5819	2
5820	1
5821	2
5822	4
5823	3
5824	7
5825	6
5826	6
5827	4
5828	3
5829	2
5830	2
5831	3
5832	2
5833	4
5834	5
5835	4
5836	2
5837	5
5838	4
5839	2
5840	2
5841	3
5842	5
5843	3
5844	2
5845	2
5846	2
5847	5
5848	4
5849	1
5850	5
5851	6
5852	2
5853	2
5854	4
5855	1
5856	4
5857	4
5858	2
5859	2
5860	2
5861	1
5862	3
5863	3
5864	2
5865	1
5866	1
5867	3
5868	3
5869	5
5870	3
5871	6
5872	2
5873	1
5874	3
5875	5
5876	6
5877	5
5878	4
5879	3
5880	3
5881	3
5882	3
5883	4
5884	5
5885	3
5886	4
5887	2
5888	2
5889	4
5890	4
5891	2
5892	4
5893	3
5894	3
5895	2
5896	4
5897	5
5898	4
5899	1
5900	3
5901	4
5902	4
5903	1
5904	1
5905	3
5906	1
5907	4
5908	1
5909	3
5910	2
5911	4
5912	1
5913	2
5914	5
5915	3
5916	3
5917	1
5918	1
5919	4
5920	3
5921	1
5922	6
5923	5
5924	3
5925	2
5926	0
5927	5
5928	4
5929	0
5930	2
5931	7
5932	5
5933	4
5934	1
5935	7
5936	3
5937	5
5938	4
5939	2
5940	9
5941	2
5942	1
5943	2
5944	3
5945	4
5946	5
5947	1
5948	2
5949	2
5950	2
5951	6
5952	1
5953	0
5954	4
5955	2
5956	1
5957	3
5958	4
5959	2
5960	5
5961	6
5962	4
5963	3
5964	2
5965	4
5966	3
5967	2
5968	4
5969	2
5970	3
5971	2
5972	5
5973	2
5974	3
5975	3
5976	4
5977	4
5978	4
5979	1
5980	3
5981	5
5982	4
5983	4
5984	6
5985	4
5986	5
5987	3
5988	5
5989	2
5990	3
5991	3
5992	3
5993	3
5994	7
5995	2
5996	4
5997	1
5998	5
5999	2
6000	1
6001	1
6002	3
6003	4
6004	3
6005	2
6006	3
6007	2
6008	2
6009	3
6010	0
6011	1
6012	4
6013	2
6014	7
6015	5
6016	3
6017	1
6018	3
6019	4
6020	2
6021	0
6022	3
6023	5
6024	0
6025	4
6026	3
6027	3
6028	5
6029	3
6030	2
6031	1
6032	3
6033	5
6034	3
6035	2
6036	5
6037	7
6038	3
6039	4
6040	4
6041	3
6042	5
6043	1
6044	3
6045	4
6046	2
6047	4
6048	3
6049	3
6050	4
6051	8
6052	3
6053	1
6054	3
6055	2
6056	1
6057	2
6058	3
6059	1
6060	2
6061	3
6062	4
6063	3
6064	3
6065	4
6066	2
6067	3
6068	3
6069	6
6070	3
6071	1
6072	3
6073	2
6074	3
6075	5
6076	3
6077	2
6078	5
6079	1
6080	4
6081	2
6082	1
6083	5
6084	2
6085	1
6086	5
6087	1
6088	5
6089	3
6090	1
6091	3
6092	1
6093	5
6094	4
6095	2
6096	2
6097	2
6098	1
6099	1
6100	2
6101	3
6102	1
6103	3
6104	2
6105	4
6106	4
6107	1
6108	7
6109	2
6110	4
6111	1
6112	4
6113	5
6114	2
6115	3
6116	3
6117	1
6118	2
6119	6
6120	3
6121	4
6122	3
6123	3
6124	2
6125	2
6126	3
6127	3
6128	3
6129	4
6130	6
6131	5
6132	3
6133	2
6134	4
6135	9
6136	1
6137	6
6138	0
6139	6
6140	2
6141	6
6142	1
6143	3
6144	2
6145	4
6146	2
6147	2
6148	3
6149	3
6150	1
6151	4
6152	5
6153	2
6154	3
6155	4
6156	1
6157	0
6158	3
6159	1
6160	5
6161	4
6162	5
6163	6
6164	3
6165	4
6166	2
6167	4
6168	3
6169	2
6170	3
6171	2
6172	2
6173	5
6174	0
6175	1
6176	3
6177	3
6178	2
6179	5
6180	5
6181	4
6182	0
6183	4
6184	3
6185	2
6186	1
6187	5
6188	3
6189	3
6190	2
6191	6
6192	4
6193	3
6194	1
6195	2
6196	2
6197	5
6198	2
6199	6
6200	2
6201	3
6202	4
6203	2
6204	5
6205	1
6206	0
6207	1
6208	2
6209	2
6210	3
6211	5
6212	4
6213	2
6214	4
6215	1
6216	3
6217	4
6218	2
6219	1
6220	2
6221	7
6222	2
6223	4
6224	1
6225	5
6226	2
6227	3
6228	1
6229	3
6230	3
6231	7
6232	2
6233	0
6234	5
6235	2
6236	2
6237	2
6238	3
6239	2
6240	3
6241	1
6242	4
6243	5
6244	0
6245	4
6246	6
6247	2
6248	2
6249	4
6250	1
6251	4
6252	4
6253	4
6254	2
6255	4
6256	2
6257	4
6258	1
6259	4
6260	5
6261	7
6262	4
6263	4
6264	3
6265	2
6266	1
6267	1
6268	3
6269	1
6270	4
6271	5
6272	3
6273	2
6274	2
6275	4
6276	4
6277	4
6278	3
6279	2
6280	3
6281	4
6282	1
6283	5
6284	4
6285	2
6286	7
6287	6
6288	3
6289	2
6290	1
6291	3
6292	1
6293	3
6294	4
6295	1
6296	2
6297	7
6298	2
6299	5
6300	3
6301	2
6302	0
6303	7
6304	4
6305	1
6306	7
6307	5
6308	1
6309	5
6310	2
6311	2
6312	2
6313	2
6314	2
6315	4
6316	6
6317	5
6318	5
6319	1
6320	6
6321	1
6322	1
6323	1
6324	5
6325	4
6326	0
6327	5
6328	3
6329	2
6330	1
6331	3
6332	3
6333	1
6334	5
6335	2
6336	2
6337	4
6338	1
6339	1
6340	3
6341	3
6342	6
6343	4
6344	3
6345	1
6346	2
6347	5
6348	4
6349	0
6350	3
6351	4
6352	4
6353	4
6354	3
6355	4
6356	0
6357	4
6358	1
6359	1
6360	2
6361	2
6362	2
6363	2
6364	2
6365	4
6366	6
6367	2
6368	2
6369	2
6370	2
6371	1
6372	2
6373	6
6374	2
6375	3
6376	2
6377	6
6378	2
6379	1
6380	3
6381	2
6382	7
6383	2
6384	5
6385	2
6386	2
6387	3
6388	4
6389	5
6390	5
6391	1
6392	3
6393	4
6394	2
6395	2
6396	2
6397	5
6398	3
6399	5
6400	2
6401	0
6402	1
6403	4
6404	5
6405	2
6406	6
6407	1
6408	3
6409	8
6410	2
6411	9
6412	3
6413	3
6414	5
6415	2
6416	2
6417	5
6418	0
6419	1
6420	1
6421	2
6422	6
6423	4
6424	4
6425	1
6426	6
6427	0
6428	4
6429	1
6430	3
6431	3
6432	2
6433	2
6434	6
6435	3
6436	1
6437	0
6438	5
6439	2
6440	1
6441	3
6442	4
6443	6
6444	2
6445	4
6446	3
6447	4
6448	3
6449	3
6450	1
6451	3
6452	6
6453	4
6454	2
6455	1
6456	2
6457	4
6458	4
6459	1
6460	0
6461	1
6462	3
6463	1
6464	2
6465	1
6466	2
6467	3
6468	7
6469	3
6470	4
6471	4
6472	4
6473	4
6474	2
6475	3
6476	5
6477	2
6478	1
6479	3
6480	0
6481	0
6482	4
6483	2
6484	3
6485	4
6486	4
6487	3
6488	5
6489	2
6490	2
6491	1
6492	3
6493	3
6494	2
6495	6
6496	6
6497	4
6498	0
6499	2
6500	2
6501	2
6502	4
6503	2
6504	1
6505	5
6506	2
6507	3
6508	2
6509	3
6510	5
6511	4
6512	2
6513	3
6514	4
6515	4
6516	2
6517	3
6518	6
6519	3
6520	4
6521	4
6522	3
6523	3
6524	1
6525	2
6526	1
6527	5
6528	3
6529	6
6530	4
6531	5
6532	1
6533	4
6534	5
6535	1
6536	4
6537	0
6538	2
6539	1
6540	7
6541	4
6542	3
6543	3
6544	3
6545	0
6546	5
6547	3
6548	7
6549	1
6550	1
6551	4
6552	2
6553	3
6554	4
6555	2
6556	3
6557	2
6558	7
6559	1
6560	5
6561	1
6562	3
6563	7
6564	3
6565	1
6566	3
6567	3
6568	3
6569	2
6570	1
6571	2
6572	3
6573	2
6574	4
6575	3
6576	4
6577	2
6578	2
6579	6
6580	1
6581	1
6582	5
6583	1
6584	6
6585	2
6586	1
6587	4
6588	5
6589	2
6590	1
6591	3
6592	1
6593	6
6594	0
6595	4
6596	2
6597	5
6598	1
6599	5
6600	4
6601	5
6602	2
6603	5
6604	3
6605	1
6606	2
6607	6
6608	4
6609	3
6610	3
6611	1
6612	6
6613	2
6614	5
6615	6
6616	6
6617	2
6618	3
6619	2
6620	1
6621	4
6622	2
6623	6
6624	8
6625	4
6626	1
6627	8
6628	4
6629	3
6630	3
6631	1
6632	4
6633	3
6634	5
6635	5
6636	2
6637	3
6638	2
6639	5
6640	3
6641	5
6642	2
6643	5
6644	1
6645	4
6646	5
6647	4
6648	2
6649	3
6650	3
6651	2
6652	1
6653	3
6654	2
6655	4
6656	1
6657	2
6658	4
6659	5
6660	4
6661	2
6662	6
6663	4
6664	4
6665	3
6666	2
6667	3
6668	4
6669	5
6670	3
6671	2
6672	4
6673	4
6674	5
6675	6
6676	2
6677	2
6678	2
6679	4
6680	4
6681	2
6682	3
6683	1
6684	4
6685	1
6686	0
6687	0
6688	6
6689	1
6690	5
6691	1
6692	1
6693	2
6694	6
6695	4
6696	3
6697	3
6698	6
6699	4
6700	3
6701	0
6702	3
6703	2
6704	5
6705	4
6706	4
6707	3
6708	5
6709	3
6710	1
6711	7
6712	9
6713	4
6714	4
6715	1
6716	2
6717	4
6718	2
6719	3
6720	0
6721	6
6722	3
6723	4
6724	5
6725	2
6726	4
6727	0
6728	3
6729	0
6730	2
6731	1
6732	2
6733	1
6734	1
6735	1
6736	1
6737	6
6738	6
6739	2
6740	5
6741	1
6742	7
6743	4
6744	5
6745	5
6746	6
6747	2
6748	6
6749	3
6750	2
6751	0
6752	1
6753	3
6754	1
6755	3
6756	4
6757	4
6758	6
6759	1
6760	3
6761	2
6762	1
6763	3
6764	2
6765	2
6766	1
6767	3
6768	7
6769	3
6770	7
6771	3
6772	2
6773	2
6774	0
6775	4
6776	3
6777	0
6778	1
6779	5
6780	5
6781	5
6782	4
6783	1
6784	5
6785	1
6786	1
6787	4
6788	1
6789	3
6790	5
6791	3
6792	2
6793	1
6794	2
6795	5
6796	4
6797	4
6798	1
6799	5
6800	3
6801	5
6802	3
6803	2
6804	1
6805	6
6806	4
6807	5
6808	2
6809	0
6810	5
6811	9
6812	3
6813	7
6814	2
6815	3
6816	2
6817	2
6818	3
6819	7
6820	2
6821	2
6822	4
6823	3
6824	1
6825	0
6826	2
6827	2
6828	3
6829	0
6830	1
6831	4
6832	4
6833	3
6834	4
6835	1
6836	3
6837	1
6838	3
6839	5
6840	2
6841	8
6842	0
6843	5
6844	4
6845	2
6846	3
6847	5
6848	0
6849	1
6850	3
6851	4
6852	2
6853	3
6854	2
6855	2
6856	1
6857	2
6858	4
6859	1
6860	3
6861	5
6862	5
6863	2
6864	1
6865	4
6866	3
6867	2
6868	3
6869	1
6870	3
6871	2
6872	1
6873	7
6874	4
6875	1
6876	2
6877	2
6878	2
6879	5
6880	4
6881	1
6882	2
6883	0
6884	2
6885	2
6886	5
6887	1
6888	2
6889	4
6890	1
6891	4
6892	2
6893	5
6894	4
6895	3
6896	2
6897	5
6898	1
6899	4
6900	1
6901	2
6902	9
6903	3
6904	0
6905	3
6906	2
6907	3
6908	4
6909	2
6910	5
6911	1
6912	2
6913	5
6914	3
6915	2
6916	0
6917	3
6918	3
6919	2
6920	6
6921	6
6922	2
6923	4
6924	0
6925	7
6926	4
6927	5
6928	2
6929	2
6930	4
6931	4
6932	4
6933	4
6934	1
6935	1
6936	1
6937	2
6938	3
6939	6
6940	3
6941	1
6942	1
6943	1
6944	4
6945	2
6946	3
6947	0
6948	4
6949	2
6950	4
6951	2
6952	1
6953	6
6954	3
6955	1
6956	4
6957	2
6958	2
6959	4
6960	6
6961	4
6962	6
6963	2
6964	1
6965	4
6966	5
6967	2
6968	3
6969	2
6970	4
6971	3
6972	7
6973	4
6974	1
6975	0
6976	2
6977	5
6978	3
6979	4
6980	2
6981	7
6982	6
6983	2
6984	8
6985	2
6986	8
6987	3
6988	5
6989	3
6990	1
6991	3
6992	3
6993	3
6994	1
6995	2
6996	3
6997	3
6998	1
6999	1
7000	2
7001	5
7002	4
7003	2
7004	3
7005	2
7006	4
7007	5
7008	6
7009	2
7010	3
7011	1
7012	3
7013	2
7014	0
7015	5
7016	2
7017	2
7018	2
7019	3
7020	0
7021	2
7022	2
7023	4
7024	1
7025	4
7026	1
7027	1
7028	2
7029	5
7030	3
7031	5
7032	4
7033	1
7034	1
7035	6
7036	2
7037	4
7038	3
7039	5
7040	3
7041	6
7042	4
7043	5
7044	6
7045	2
7046	1
7047	3
7048	0
7049	1
7050	3
7051	1
7052	3
7053	3
7054	2
7055	1
7056	4
7057	4
7058	3
7059	8
7060	3
7061	1
7062	0
7063	4
7064	6
7065	2
7066	6
7067	3
7068	3
7069	2
7070	1
7071	1
7072	9
7073	1
7074	3
7075	2
7076	4
7077	2
7078	4
7079	4
7080	3
7081	5
7082	1
7083	0
7084	3
7085	1
7086	2
7087	5
7088	1
7089	4
7090	3
7091	2
7092	4
7093	0
7094	0
7095	2
7096	1
7097	3
7098	3
7099	4
7100	4
7101	6
7102	2
7103	3
7104	0
7105	3
7106	6
7107	5
7108	4
7109	7
7110	2
7111	7
7112	2
7113	3
7114	5
7115	3
7116	2
7117	0
7118	6
7119	7
7120	5
7121	2
7122	2
7123	3
7124	3
7125	3
7126	4
7127	1
7128	2
7129	2
7130	1
7131	0
7132	4
7133	4
7134	3
7135	2
7136	2
7137	3
7138	2
7139	3
7140	3
7141	6
7142	1
7143	3
7144	6
7145	2
7146	2
7147	2
7148	1
7149	3
7150	4
7151	6
7152	3
7153	1
7154	4
7155	0
7156	5
7157	2
7158	4
7159	0
7160	1
7161	3
7162	4
7163	1
7164	4
7165	4
7166	3
7167	2
7168	2
7169	1
7170	1
7171	3
7172	2
7173	2
7174	3
7175	4
7176	1
7177	3
7178	1
7179	2
7180	2
7181	4
7182	2
7183	4
7184	4
7185	0
7186	4
7187	6
7188	2
7189	4
7190	3
7191	3
7192	2
7193	1
7194	1
7195	2
7196	3
7197	4
7198	2
7199	4
7200	3
7201	1
7202	5
7203	3
7204	7
7205	1
7206	3
7207	0
7208	2
7209	5
7210	8
7211	5
7212	1
7213	0
7214	8
7215	3
7216	0
7217	0
7218	4
7219	0
7220	1
7221	4
7222	2
7223	1
7224	7
7225	5
7226	4
7227	4
7228	3
7229	2
7230	4
7231	6
7232	4
7233	1
7234	1
7235	4
7236	2
7237	6
7238	1
7239	2
7240	3
7241	5
7242	6
7243	6
7244	3
7245	5
7246	6
7247	2
7248	2
7249	0
7250	3
7251	5
7252	2
7253	1
7254	6
7255	1
7256	1
7257	2
7258	5
7259	5
7260	2
7261	2
7262	6
7263	5
7264	3
7265	8
7266	5
7267	5
7268	2
7269	3
7270	5
7271	2
7272	1
7273	2
7274	3
7275	2
7276	4
7277	1
7278	4
7279	3
7280	4
7281	3
7282	7
7283	1
7284	2
7285	3
7286	6
7287	2
7288	2
7289	2
7290	2
7291	2
7292	3
7293	3
7294	4
7295	1
7296	5
7297	3
7298	2
7299	5
7300	0
7301	5
7302	2
7303	5
7304	3
7305	5
7306	2
7307	1
7308	3
7309	5
7310	2
7311	2
7312	5
7313	0
7314	1
7315	4
7316	2
7317	0
7318	1
7319	2
7320	1
7321	4
7322	3
7323	0
7324	5
7325	1
7326	0
7327	5
7328	2
7329	3
7330	2
7331	0
7332	2
7333	2
7334	1
7335	4
7336	4
7337	4
7338	5
7339	4
7340	1
7341	0
7342	4
7343	6
7344	1
7345	2
7346	3
7347	1
7348	5
7349	7
7350	5
7351	6
7352	1
7353	4
7354	1
7355	2
7356	3
7357	3
7358	7
7359	4
7360	0
7361	2
7362	4
7363	3
7364	7
7365	5
7366	5
7367	5
7368	2
7369	2
7370	3
7371	2
7372	3
7373	7
7374	8
7375	7
7376	1
7377	5
7378	5
7379	4
7380	3
7381	0
7382	6
7383	1
7384	3
7385	2
7386	3
7387	0
7388	3
7389	3
7390	4
7391	3
7392	2
7393	6
7394	1
7395	3
7396	3
7397	3
7398	5
7399	5
7400	3
7401	2
7402	1
7403	4
7404	4
7405	4
7406	4
7407	3
7408	3
7409	4
7410	2
7411	4
7412	8
7413	6
7414	1
7415	3
7416	4
7417	3
7418	3
7419	3
7420	4
7421	3
7422	3
7423	5
7424	1
7425	5
7426	5
7427	2
7428	1
7429	2
7430	2
7431	4
7432	4
7433	1
7434	4
7435	1
7436	3
7437	3
7438	3
7439	1
7440	2
7441	3
7442	3
7443	4
7444	3
7445	3
7446	2
7447	5
7448	7
7449	4
7450	2
7451	3
7452	5
7453	4
7454	4
7455	3
7456	3
7457	2
7458	3
7459	4
7460	6
7461	2
7462	5
7463	2
7464	4
7465	0
7466	3
7467	1
7468	2
7469	3
7470	4
7471	7
7472	5
7473	4
7474	3
7475	5
7476	6
7477	1
7478	3
7479	1
7480	2
7481	2
7482	1
7483	2
7484	5
7485	4
7486	3
7487	2
7488	4
7489	3
7490	2
7491	3
7492	1
7493	2
7494	2
7495	1
7496	2
7497	3
7498	2
7499	2
7500	3
7501	3
7502	6
7503	3
7504	2
7505	6
7506	3
7507	4
7508	3
7509	3
7510	9
7511	3
7512	5
7513	2
7514	1
7515	3
7516	2
7517	4
7518	3
7519	4
7520	6
7521	2
7522	4
7523	4
7524	3
7525	0
7526	5
7527	2
7528	3
7529	1
7530	2
7531	2
7532	3
7533	1
7534	4
7535	0
7536	6
7537	6
7538	5
7539	2
7540	5
7541	1
7542	4
7543	0
7544	2
7545	1
7546	1
7547	2
7548	3
7549	1
7550	1
7551	4
7552	3
7553	2
7554	2
7555	2
7556	1
7557	5
7558	2
7559	2
7560	6
7561	3
7562	1
7563	3
7564	3
7565	2
7566	0
7567	4
7568	1
7569	3
7570	6
7571	4
7572	3
7573	3
7574	1
7575	1
7576	5
7577	7
7578	5
7579	3
7580	3
7581	1
7582	4
7583	1
7584	2
7585	5
7586	4
7587	1
7588	2
7589	6
7590	4
7591	4
7592	4
7593	3
7594	1
7595	4
7596	5
7597	2
7598	3
7599	5
7600	4
7601	0
7602	3
7603	0
7604	1
7605	2
7606	4
7607	4
7608	4
7609	1
7610	5
7611	3
7612	2
7613	6
7614	2
7615	4
7616	2
7617	3
7618	3
7619	3
7620	3
7621	2
7622	3
7623	1
7624	3
7625	4
7626	2
7627	3
7628	4
7629	2
7630	1
7631	4
7632	7
7633	2
7634	0
7635	5
7636	2
7637	1
7638	3
7639	3
7640	5
7641	1
7642	5
7643	2
7644	1
7645	1
7646	5
7647	5
7648	3
7649	3
7650	1
7651	3
7652	2
7653	2
7654	3
7655	4
7656	5
7657	0
7658	5
7659	7
7660	3
7661	2
7662	1
7663	5
7664	6
7665	4
7666	4
7667	4
7668	4
7669	2
7670	3
7671	2
7672	1
7673	0
7674	8
7675	2
7676	1
7677	2
7678	5
7679	4
7680	2
7681	3
7682	6
7683	6
7684	4
7685	13
7686	3
7687	8
7688	3
7689	5
7690	0
7691	4
7692	3
7693	2
7694	3
7695	2
7696	4
7697	0
7698	2
7699	2
7700	5
7701	1
7702	3
7703	2
7704	4
7705	2
7706	0
7707	3
7708	2
7709	1
7710	3
7711	0
7712	3
7713	4
7714	3
7715	3
7716	2
7717	4
7718	6
7719	1
7720	1
7721	4
7722	4
7723	2
7724	2
7725	2
7726	4
7727	4
7728	2
7729	4
7730	1
7731	7
7732	2
7733	2
7734	2
7735	4
7736	2
7737	5
7738	4
7739	5
7740	3
7741	3
7742	1
7743	1
7744	1
7745	4
7746	3
7747	5
7748	4
7749	5
7750	4
7751	3
7752	1
7753	5
7754	8
7755	2
7756	4
7757	4
7758	0
7759	2
7760	5
7761	5
7762	1
7763	2
7764	4
7765	2
7766	1
7767	1
7768	2
7769	4
7770	1
7771	2
7772	6
7773	4
7774	1
7775	4
7776	3
7777	3
7778	4
7779	1
7780	2
7781	4
7782	6
7783	4
7784	6
7785	0
7786	1
7787	4
7788	2
7789	4
7790	4
7791	2
7792	1
7793	3
7794	1
7795	6
7796	3
7797	2
7798	2
7799	1
7800	1
7801	3
7802	5
7803	7
7804	2
7805	1
7806	3
7807	4
7808	3
7809	2
7810	4
7811	5
7812	2
7813	3
7814	3
7815	4
7816	1
7817	2
7818	4
7819	5
7820	4
7821	2
7822	2
7823	4
7824	6
7825	2
7826	3
7827	1
7828	2
7829	2
7830	1
7831	3
7832	3
7833	1
7834	1
7835	6
7836	4
7837	1
7838	3
7839	3
7840	1
7841	1
7842	4
7843	5
7844	3
7845	3
7846	5
7847	2
7848	2
7849	3
7850	3
7851	6
7852	3
7853	5
7854	5
7855	5
7856	5
7857	3
7858	2
7859	5
7860	2
7861	3
7862	4
7863	3
7864	5
7865	2
7866	1
7867	0
7868	2
7869	2
7870	7
7871	2
7872	1
7873	3
7874	2
7875	1
7876	5
7877	2
7878	3
7879	2
7880	1
7881	5
7882	5
7883	3
7884	1
7885	7
7886	2
7887	4
7888	3
7889	2
7890	2
7891	1
7892	3
7893	2
7894	3
7895	4
7896	2
7897	2
7898	3
7899	9
7900	1
7901	3
7902	2
7903	5
7904	3
7905	1
7906	3
7907	6
7908	4
7909	0
7910	3
7911	2
7912	5
7913	2
7914	3
7915	4
7916	4
7917	3
7918	4
7919	4
7920	2
7921	4
7922	2
7923	2
7924	5
7925	1
7926	3
7927	3
7928	3
7929	3
7930	2
7931	1
7932	6
7933	2
7934	5
7935	4
7936	3
