0	3
1	4
2	5
3	6
4	4
5	1
6	5
7	4
8	3
9	1
10	4
11	1
12	1
13	3
14	2
15	6
16	3
17	8
18	3
19	4
20	2
21	0
22	1
23	5
24	2
25	4
26	2
27	4
28	0
29	4
30	3
31	2
32	1
33	5
34	4
35	4
36	5
37	7
38	6
39	3
40	5
41	4
42	3
43	2
44	3
45	2
46	3
47	7
48	2
49	3
50	3
51	1
52	7
53	3
54	5
55	3
56	6
57	1
58	2
59	2
60	7
61	7
62	8
63	6
64	4
65	1
66	1
67	1
68	2
69	3
70	4
71	4
72	2
73	1
74	4
75	3
76	3
77	2
78	3
79	3
80	4
81	4
82	6
83	6
84	2
85	0
86	3
87	4
88	1
89	3
90	4
91	4
92	0
93	3
94	2
95	3
96	3
97	2
98	2
99	6
100	2
101	3
102	3
103	3
104	3
105	1
106	3
107	3
108	4
109	1
110	5
111	4
112	3
113	0
114	4
115	3
116	3
117	4
118	3
119	4
120	2
121	3
122	1
123	5
124	4
125	4
126	5
127	8
128	6
129	2
130	4
131	3
132	0
133	4
134	5
135	4
136	4
137	2
138	3
139	1
140	4
141	2
142	7
143	7
144	4
145	5
146	4
147	3
148	3
149	2
150	2
151	3
152	4
153	3
154	4
155	3
156	2
157	3
158	1
159	3
160	2
161	5
162	4
163	1
164	3
165	2
166	4
167	6
168	4
169	3
170	2
171	3
172	1
173	3
174	3
175	1
176	2
177	2
178	3
179	5
180	4
181	8
182	4
183	4
184	0
185	2
186	1
187	4
188	3
189	4
190	5
191	0
192	1
193	2
194	2
195	4
196	3
197	4
198	2
199	4
200	2
201	3
202	5
203	2
204	1
205	3
206	6
207	2
208	4
209	3
210	3
211	0
212	2
213	3
214	2
215	3
216	1
217	0
218	1
219	6
220	3
221	3
222	2
223	2
224	2
225	2
226	3
227	1
228	3
229	4
230	2
231	2
232	6
233	3
234	4
235	5
236	3
237	1
238	5
239	5
240	0
241	2
242	0
243	1
244	2
245	1
246	8
247	4
248	1
249	5
250	0
251	2
252	1
253	9
254	1
255	2
256	7
257	3
258	3
259	2
260	3
261	1
262	1
263	1
264	0
265	5
266	4
267	5
268	6
269	5
270	6
271	3
272	2
273	2
274	4
275	4
276	1
277	3
278	5
279	2
280	4
281	6
282	1
283	3
284	3
285	0
286	3
287	2
288	1
289	1
290	2
291	0
292	2
293	2
294	3
295	2
296	4
297	3
298	5
299	0
300	2
301	2
302	0
303	8
304	4
305	2
306	3
307	3
308	2
309	3
310	2
311	3
312	1
313	8
314	5
315	2
316	2
317	8
318	5
319	2
320	5
321	4
322	3
323	0
324	7
325	2
326	1
327	1
328	2
329	3
330	7
331	1
332	5
333	0
334	2
335	3
336	4
337	2
338	1
339	2
340	4
341	6
342	1
343	1
344	5
345	3
346	1
347	4
348	1
349	1
350	2
351	4
352	2
353	8
354	4
355	5
356	5
357	6
358	1
359	2
360	5
361	0
362	3
363	6
364	2
365	4
366	2
367	2
368	1
369	3
370	6
371	6
372	3
373	0
374	4
375	2
376	3
377	3
378	3
379	2
380	3
381	5
382	5
383	1
384	4
385	6
386	2
387	1
388	3
389	3
390	6
391	5
392	1
393	2
394	2
395	3
396	4
397	0
398	2
399	5
400	1
401	2
402	1
403	0
404	2
405	4
406	0
407	5
408	3
409	2
410	3
411	0
412	2
413	2
414	4
415	0
416	1
417	3
418	5
419	3
420	5
421	1
422	2
423	5
424	2
425	1
426	2
427	4
428	2
429	3
430	8
431	3
432	6
433	4
434	2
435	2
436	2
437	4
438	4
439	2
440	2
441	3
442	3
443	4
444	4
445	4
446	3
447	3
448	4
449	2
450	5
451	1
452	4
453	2
454	3
455	1
456	3
457	5
458	2
459	3
460	2
461	4
462	1
463	4
464	3
465	3
466	3
467	2
468	1
469	3
470	6
471	4
472	2
473	2
474	3
475	2
476	4
477	5
478	8
479	2
480	4
481	3
482	2
483	1
484	0
485	4
486	2
487	6
488	2
489	4
490	2
491	4
492	4
493	4
494	0
495	3
496	3
497	1
498	1
499	6
500	3
501	2
502	4
503	6
504	5
505	3
506	1
507	9
508	0
509	2
510	1
511	2
512	3
513	2
514	2
515	4
516	3
517	1
518	4
519	4
520	3
521	3
522	3
523	3
524	3
525	2
526	4
527	7
528	4
529	2
530	4
531	5
532	6
533	0
534	4
535	8
536	2
537	3
538	1
539	3
540	5
541	3
542	3
543	6
544	1
545	3
546	2
547	2
548	2
549	4
550	3
551	0
552	5
553	4
554	4
555	3
556	6
557	1
558	6
559	4
560	4
561	5
562	3
563	2
564	0
565	3
566	3
567	5
568	3
569	7
570	2
571	6
572	0
573	3
574	2
575	8
576	2
577	2
578	3
579	2
580	4
581	1
582	4
583	3
584	6
585	5
586	2
587	2
588	4
589	3
590	4
591	3
592	2
593	4
594	1
595	1
596	2
597	3
598	1
599	2
600	1
601	3
602	3
603	2
604	3
605	6
606	6
607	2
608	2
609	2
610	2
611	5
612	2
613	5
614	3
615	2
616	4
617	8
618	3
619	3
620	2
621	2
622	0
623	4
624	0
625	2
626	2
627	4
628	4
629	5
630	4
631	4
632	2
633	4
634	5
635	3
636	7
637	2
638	3
639	3
640	3
641	5
642	2
643	0
644	1
645	2
646	3
647	1
648	6
649	5
650	2
651	2
652	4
653	3
654	3
655	8
656	1
657	3
658	0
659	2
660	5
661	4
662	1
663	4
664	3
665	8
666	1
667	2
668	3
669	1
670	1
671	2
672	5
673	2
674	2
675	6
676	2
677	2
678	1
679	7
680	2
681	2
682	5
683	3
684	5
685	1
686	3
687	5
688	1
689	0
690	2
691	0
692	3
693	5
694	3
695	1
696	2
697	2
698	4
699	2
700	6
701	3
702	2
703	4
704	2
705	3
706	4
707	5
708	0
709	2
710	2
711	2
712	1
713	1
714	1
715	4
716	3
717	4
718	3
719	4
720	1
721	5
722	5
723	2
724	2
725	4
726	2
727	3
728	3
729	3
730	2
731	2
732	7
733	3
734	4
735	2
736	1
737	3
738	4
739	3
740	1
741	3
742	1
743	3
744	1
745	2
746	1
747	4
748	3
749	4
750	1
751	4
752	2
753	1
754	3
755	2
756	4
757	3
758	7
759	4
760	2
761	3
762	2
763	4
764	5
765	6
766	4
767	0
768	2
769	3
770	5
771	3
772	1
773	3
774	3
775	2
776	3
777	5
778	1
779	5
780	5
781	2
782	2
783	1
784	5
785	0
786	3
787	1
788	4
789	1
790	6
791	2
792	2
793	1
794	2
795	4
796	5
797	0
798	5
799	4
800	2
801	4
802	5
803	2
804	4
805	5
806	3
807	2
808	1
809	3
810	3
811	7
812	4
813	1
814	2
815	3
816	4
817	4
818	0
819	2
820	3
821	3
822	3
823	5
824	4
825	2
826	3
827	6
828	7
829	2
830	0
831	1
832	1
833	4
834	3
835	0
836	3
837	0
838	2
839	5
840	2
841	3
842	0
843	3
844	5
845	1
846	2
847	1
848	2
849	1
850	2
851	2
852	1
853	4
854	2
855	2
856	2
857	2
858	3
859	4
860	1
861	4
862	0
863	1
864	2
865	1
866	2
867	1
868	4
869	6
870	2
871	1
872	0
873	1
874	3
875	4
876	5
877	1
878	3
879	1
880	3
881	5
882	2
883	1
884	4
885	3
886	1
887	1
888	2
889	5
890	4
891	5
892	5
893	3
894	4
895	0
896	2
897	2
898	5
899	3
900	4
901	5
902	2
903	3
904	5
905	1
906	1
907	2
908	2
909	4
910	3
911	6
912	1
913	3
914	2
915	0
916	2
917	2
918	5
919	3
920	3
921	1
922	6
923	2
924	2
925	5
926	2
927	1
928	1
929	3
930	3
931	1
932	2
933	9
934	3
935	6
936	0
937	6
938	1
939	2
940	5
941	1
942	2
943	5
944	2
945	3
946	3
947	2
948	6
949	3
950	2
951	1
952	2
953	1
954	0
955	5
956	4
957	5
958	1
959	4
960	2
961	4
962	2
963	6
964	1
965	6
966	1
967	0
968	3
969	1
970	4
971	3
972	1
973	6
974	4
975	6
976	2
977	4
978	4
979	4
980	1
981	3
982	4
983	3
984	4
985	4
986	3
987	2
988	5
989	3
990	2
991	3
992	3
993	3
994	3
995	2
996	4
997	2
998	4
999	0
1000	2
1001	2
1002	1
1003	5
1004	2
1005	1
1006	6
1007	4
1008	3
1009	2
1010	6
1011	0
1012	3
1013	6
1014	2
1015	2
1016	3
1017	1
1018	2
1019	3
1020	3
1021	4
1022	6
1023	1
1024	3
1025	5
1026	2
1027	1
1028	6
1029	0
1030	5
1031	4
1032	5
1033	6
1034	6
1035	2
1036	3
1037	6
1038	2
1039	2
1040	2
1041	1
1042	2
1043	2
1044	4
1045	1
1046	4
1047	2
1048	1
1049	3
1050	5
1051	4
1052	1
1053	2
1054	2
1055	2
1056	3
1057	5
1058	7
1059	4
1060	4
1061	2
1062	2
1063	2
1064	3
1065	3
1066	2
1067	2
1068	3
1069	3
1070	2
1071	3
1072	2
1073	2
1074	4
1075	3
1076	2
1077	4
1078	1
1079	4
1080	2
1081	1
1082	4
1083	3
1084	2
1085	4
1086	2
1087	3
1088	2
1089	4
1090	4
1091	6
1092	5
1093	1
1094	2
1095	2
1096	5
1097	4
1098	2
1099	2
1100	2
1101	1
1102	5
1103	5
1104	5
1105	4
1106	2
1107	2
1108	9
1109	4
1110	3
1111	0
1112	2
1113	2
1114	4
1115	4
1116	2
1117	3
1118	3
1119	4
1120	3
1121	1
1122	3
1123	5
1124	4
1125	3
1126	7
1127	3
1128	3
1129	4
1130	6
1131	2
1132	2
1133	4
1134	4
1135	2
1136	1
1137	1
1138	1
1139	2
1140	4
1141	4
1142	2
1143	3
1144	3
1145	1
1146	4
1147	4
1148	2
1149	1
1150	8
1151	3
1152	3
1153	1
1154	4
1155	2
1156	4
1157	3
1158	3
1159	6
1160	2
1161	4
1162	2
1163	1
1164	3
1165	3
1166	6
1167	3
1168	5
1169	2
1170	2
1171	4
1172	2
1173	2
1174	4
1175	5
1176	3
1177	0
1178	5
1179	2
1180	5
1181	4
1182	3
1183	2
1184	2
1185	2
1186	4
1187	1
1188	2
1189	1
1190	4
1191	3
1192	4
1193	2
1194	3
1195	3
1196	1
1197	5
1198	1
1199	0
1200	4
1201	4
1202	4
1203	1
1204	2
1205	4
1206	3
1207	3
1208	1
1209	1
1210	5
1211	5
1212	1
1213	2
1214	8
1215	4
1216	5
1217	5
1218	3
1219	4
1220	3
1221	2
1222	3
1223	4
1224	2
1225	2
1226	1
1227	4
1228	2
1229	4
1230	5
1231	2
1232	4
1233	2
1234	2
1235	8
1236	7
1237	2
1238	2
1239	1
1240	0
1241	5
1242	4
1243	5
1244	1
1245	4
1246	1
1247	2
1248	0
1249	1
1250	5
1251	3
1252	2
1253	6
1254	2
1255	3
1256	3
1257	5
1258	1
1259	4
1260	1
1261	2
1262	3
1263	1
1264	2
1265	2
1266	6
1267	3
1268	2
1269	5
1270	2
1271	2
1272	1
1273	3
1274	5
1275	4
1276	2
1277	0
1278	7
1279	3
1280	1
1281	8
1282	2
1283	4
1284	4
1285	3
1286	1
1287	4
1288	2
1289	4
1290	1
1291	0
1292	2
1293	2
1294	1
1295	1
1296	2
1297	3
1298	3
1299	3
1300	2
1301	2
1302	1
1303	0
1304	2
1305	2
1306	3
1307	1
1308	3
1309	3
1310	3
1311	3
1312	2
1313	4
1314	2
1315	1
1316	2
1317	6
1318	0
1319	3
1320	3
1321	2
1322	1
1323	1
1324	6
1325	7
1326	2
1327	2
1328	1
1329	3
1330	3
1331	1
1332	2
1333	1
1334	3
1335	2
1336	0
1337	3
1338	1
1339	1
1340	1
1341	4
1342	2
1343	6
1344	9
1345	1
1346	1
1347	1
1348	2
1349	2
1350	3
1351	4
1352	1
1353	3
1354	5
1355	3
1356	4
1357	2
1358	6
1359	3
1360	2
1361	0
1362	2
1363	0
1364	5
1365	2
1366	6
1367	0
1368	4
1369	3
1370	4
1371	6
1372	5
1373	2
1374	4
1375	5
1376	1
1377	4
1378	3
1379	5
1380	3
1381	4
1382	3
1383	4
1384	3
1385	5
1386	4
1387	4
1388	5
1389	2
1390	6
1391	4
1392	2
1393	2
1394	2
1395	3
1396	3
1397	3
1398	4
1399	0
1400	3
1401	2
1402	0
1403	4
1404	0
1405	3
1406	7
1407	2
1408	2
1409	2
1410	0
1411	3
1412	6
1413	3
1414	2
1415	2
1416	1
1417	2
1418	2
1419	3
1420	4
1421	8
1422	6
1423	1
1424	0
1425	2
1426	2
1427	1
1428	3
1429	10
1430	4
1431	3
1432	0
1433	3
1434	2
1435	2
1436	2
1437	2
1438	5
1439	5
1440	2
1441	0
1442	5
1443	2
1444	4
1445	3
1446	3
1447	4
1448	4
1449	3
1450	3
1451	2
1452	6
1453	1
1454	5
1455	5
1456	4
1457	3
1458	2
1459	4
1460	3
1461	4
1462	3
1463	1
1464	4
1465	4
1466	4
1467	1
1468	0
1469	1
1470	4
1471	2
1472	2
1473	6
1474	1
1475	2
1476	2
1477	4
1478	4
1479	3
1480	1
1481	3
1482	4
1483	4
1484	3
1485	3
1486	3
1487	4
1488	0
1489	2
1490	4
1491	1
1492	1
1493	0
1494	2
1495	6
1496	2
1497	3
1498	3
1499	2
1500	0
1501	4
1502	6
1503	2
1504	1
1505	5
1506	0
1507	4
1508	2
1509	3
1510	3
1511	2
1512	5
1513	2
1514	4
1515	2
1516	2
1517	4
1518	1
1519	8
1520	5
1521	2
1522	7
1523	5
1524	5
1525	6
1526	1
1527	3
1528	3
1529	3
1530	4
1531	4
1532	0
1533	2
1534	3
1535	5
1536	6
1537	3
1538	5
1539	6
1540	2
1541	3
1542	4
1543	1
1544	0
1545	4
1546	4
1547	4
1548	5
1549	5
1550	2
1551	2
1552	5
1553	2
1554	3
1555	5
1556	3
1557	4
1558	3
1559	0
1560	0
1561	2
1562	5
1563	6
1564	3
1565	1
1566	1
1567	3
1568	3
1569	1
1570	2
1571	0
1572	3
1573	3
1574	1
1575	2
1576	3
1577	4
1578	5
1579	2
1580	5
1581	2
1582	2
1583	3
1584	4
1585	5
1586	4
1587	1
1588	1
1589	0
1590	8
1591	2
1592	4
1593	1
1594	2
1595	4
1596	1
1597	6
1598	7
1599	4
1600	3
1601	1
1602	1
1603	5
1604	0
1605	2
1606	3
1607	4
1608	2
1609	5
1610	2
1611	3
1612	1
1613	3
1614	4
1615	2
1616	3
1617	4
1618	4
1619	4
1620	2
1621	2
1622	2
1623	1
1624	0
1625	1
1626	4
1627	4
1628	4
1629	3
1630	2
1631	3
1632	0
1633	3
1634	2
1635	3
1636	2
1637	3
1638	3
1639	2
1640	3
1641	2
1642	3
1643	4
1644	5
1645	4
1646	2
1647	2
1648	2
1649	1
1650	3
1651	2
1652	3
1653	3
1654	1
1655	7
1656	0
1657	3
1658	4
1659	2
1660	0
1661	1
1662	3
1663	2
1664	2
1665	2
1666	3
1667	5
1668	1
1669	4
1670	1
1671	3
1672	3
1673	2
1674	5
1675	5
1676	3
1677	2
1678	3
1679	1
1680	6
1681	4
1682	4
1683	2
1684	2
1685	4
1686	2
1687	1
1688	3
1689	3
1690	2
1691	5
1692	3
1693	6
1694	3
1695	2
1696	0
1697	3
1698	3
1699	5
1700	5
1701	2
1702	3
1703	5
1704	4
1705	3
1706	0
1707	2
1708	1
1709	1
1710	3
1711	2
1712	0
1713	4
1714	0
1715	5
1716	3
1717	2
1718	5
1719	5
1720	5
1721	5
1722	2
1723	2
1724	4
1725	1
1726	6
1727	6
1728	4
1729	2
1730	2
1731	4
1732	2
1733	3
1734	1
1735	1
1736	3
1737	7
1738	1
1739	2
1740	5
1741	2
1742	4
1743	4
1744	4
1745	2
1746	1
1747	3
1748	0
1749	4
1750	0
1751	3
1752	7
1753	2
1754	3
1755	4
1756	1
1757	1
1758	1
1759	2
1760	4
1761	2
1762	2
1763	2
1764	2
1765	5
1766	3
1767	2
1768	5
1769	1
1770	3
1771	5
1772	4
1773	1
1774	3
1775	2
1776	4
1777	4
1778	2
1779	4
1780	2
1781	2
1782	3
1783	2
1784	0
1785	5
1786	4
1787	3
1788	3
1789	7
1790	0
1791	1
1792	8
1793	2
1794	3
1795	5
1796	4
1797	2
1798	0
1799	1
1800	3
1801	2
1802	2
1803	3
1804	5
1805	3
1806	4
1807	2
1808	6
1809	6
1810	6
1811	2
1812	7
1813	2
1814	3
1815	2
1816	3
1817	9
1818	2
1819	3
1820	2
1821	3
1822	3
1823	4
1824	4
1825	5
1826	3
1827	2
1828	4
1829	2
1830	3
1831	1
1832	3
1833	5
1834	2
1835	4
1836	2
1837	2
1838	3
1839	3
1840	7
1841	6
1842	3
1843	3
1844	3
1845	5
1846	2
1847	4
1848	3
1849	3
1850	5
1851	3
1852	3
1853	4
1854	7
1855	1
1856	2
1857	4
1858	3
1859	7
1860	2
1861	3
1862	1
1863	2
1864	4
1865	2
1866	4
1867	1
1868	5
1869	7
1870	7
1871	2
1872	2
1873	1
1874	1
1875	3
1876	1
1877	1
1878	3
1879	1
1880	1
1881	6
1882	3
1883	1
1884	4
1885	2
1886	4
1887	6
1888	4
1889	3
1890	4
1891	3
1892	2
1893	2
1894	6
1895	2
1896	2
1897	2
1898	1
1899	1
1900	4
1901	3
1902	3
1903	2
1904	4
1905	1
1906	2
1907	1
1908	2
1909	2
1910	2
1911	1
1912	1
1913	1
1914	1
1915	5
1916	1
1917	3
1918	1
1919	4
1920	4
1921	2
1922	5
1923	3
1924	2
1925	3
1926	1
1927	3
1928	3
1929	5
1930	3
1931	5
1932	0
1933	5
1934	3
1935	1
1936	3
1937	3
1938	2
1939	2
1940	3
1941	1
1942	4
1943	2
1944	3
1945	1
1946	4
1947	4
1948	0
1949	2
1950	7
1951	4
1952	0
1953	6
1954	0
1955	5
1956	0
1957	2
1958	3
1959	6
1960	5
1961	1
1962	1
1963	6
1964	2
1965	4
1966	2
1967	2
1968	2
1969	2
1970	5
1971	5
1972	4
1973	1
1974	0
1975	0
1976	0
1977	2
1978	1
1979	2
1980	4
1981	4
1982	3
1983	3
1984	1
1985	2
1986	2
1987	4
1988	0
1989	4
1990	5
1991	3
1992	1
1993	1
1994	2
1995	1
1996	1
1997	3
1998	4
1999	4
2000	4
2001	8
2002	0
2003	1
2004	4
2005	3
2006	2
2007	2
2008	2
2009	1
2010	2
2011	3
2012	2
2013	3
2014	7
2015	3
2016	6
2017	6
2018	2
2019	4
2020	8
2021	3
2022	1
2023	1
2024	0
2025	1
2026	3
2027	1
2028	1
2029	3
2030	2
2031	5
2032	5
2033	7
2034	7
2035	3
2036	3
2037	3
2038	3
2039	2
2040	1
2041	3
2042	2
2043	3
2044	5
2045	5
2046	5
2047	2
2048	0
2049	2
2050	3
2051	5
2052	2
2053	2
2054	4
2055	1
2056	1
2057	3
2058	5
2059	1
2060	4
2061	6
2062	3
2063	3
2064	2
2065	2
2066	2
2067	8
2068	3
2069	3
2070	3
2071	2
2072	6
2073	3
2074	2
2075	1
2076	0
2077	2
2078	4
2079	4
2080	2
2081	5
2082	5
2083	2
2084	1
2085	1
2086	2
2087	7
2088	0
2089	1
2090	3
2091	3
2092	1
2093	2
2094	4
2095	2
2096	2
2097	5
2098	5
2099	3
2100	3
2101	2
2102	6
2103	4
2104	3
2105	3
2106	5
2107	5
2108	3
2109	5
2110	2
2111	3
2112	4
2113	1
2114	3
2115	7
2116	2
2117	2
2118	1
2119	4
2120	3
2121	1
2122	3
2123	6
2124	1
2125	1
2126	0
2127	5
2128	2
2129	1
2130	9
2131	1
2132	4
2133	4
2134	2
2135	3
2136	3
2137	0
2138	4
2139	3
2140	1
2141	3
2142	5
2143	5
2144	1
2145	4
2146	5
2147	6
2148	2
2149	1
2150	4
2151	5
2152	3
2153	0
2154	2
2155	4
2156	2
2157	0
2158	3
2159	1
2160	7
2161	3
2162	3
2163	6
2164	4
2165	4
2166	4
2167	0
2168	3
2169	0
2170	3
2171	2
2172	2
2173	3
2174	0
2175	3
2176	3
2177	4
2178	3
2179	4
2180	4
2181	6
2182	1
2183	2
2184	3
2185	4
2186	4
2187	1
2188	5
2189	2
2190	5
2191	4
2192	3
2193	2
2194	5
2195	3
2196	4
2197	3
2198	2
2199	3
2200	2
2201	1
2202	3
2203	3
2204	2
2205	5
2206	4
2207	2
2208	4
2209	0
2210	5
2211	6
2212	3
2213	3
2214	3
2215	2
2216	2
2217	2
2218	2
2219	2
2220	5
2221	7
2222	1
2223	3
2224	4
2225	0
2226	2
2227	2
2228	4
2229	4
2230	2
2231	3
2232	5
2233	4
2234	0
2235	2
2236	1
2237	3
2238	4
2239	3
2240	3
2241	4
2242	5
2243	3
2244	2
2245	1
2246	0
2247	7
2248	1
2249	3
2250	2
2251	2
2252	5
2253	3
2254	2
2255	2
2256	5
2257	1
2258	4
2259	2
2260	3
2261	5
2262	3
2263	2
2264	2
2265	4
2266	4
2267	2
2268	3
2269	2
2270	1
2271	7
2272	3
2273	7
2274	4
2275	2
2276	1
2277	4
2278	1
2279	2
2280	5
2281	1
2282	3
2283	5
2284	5
2285	2
2286	2
2287	1
2288	3
2289	8
2290	3
2291	8
2292	1
2293	2
2294	3
2295	1
2296	2
2297	6
2298	4
2299	3
2300	7
2301	1
2302	2
2303	5
2304	5
2305	3
2306	2
2307	4
2308	6
2309	3
2310	5
2311	2
2312	3
2313	1
2314	2
2315	4
2316	6
2317	2
2318	6
2319	7
2320	1
2321	2
2322	2
2323	4
2324	1
2325	4
2326	2
2327	4
2328	5
2329	1
2330	4
2331	4
2332	3
2333	3
2334	3
2335	4
2336	5
2337	5
2338	1
2339	6
2340	0
2341	3
2342	1
2343	0
2344	6
2345	2
2346	4
2347	1
2348	0
2349	1
2350	1
2351	2
2352	1
2353	0
2354	3
2355	3
2356	5
2357	4
2358	7
2359	2
2360	1
2361	0
2362	2
2363	4
2364	5
2365	4
2366	5
2367	0
2368	1
2369	5
2370	4
2371	5
2372	2
2373	3
2374	2
2375	2
2376	2
2377	1
2378	2
2379	2
2380	1
2381	1
2382	1
2383	0
2384	0
2385	4
2386	1
2387	4
2388	4
2389	2
2390	1
2391	4
2392	6
2393	2
2394	1
2395	7
2396	5
2397	4
2398	2
2399	3
2400	2
2401	7
2402	4
2403	8
2404	3
2405	5
2406	2
2407	2
2408	4
2409	4
2410	6
2411	4
2412	5
2413	3
2414	2
2415	1
2416	6
2417	0
2418	4
2419	3
2420	5
2421	4
2422	2
2423	5
2424	0
2425	1
2426	2
2427	2
2428	5
2429	4
2430	6
2431	3
2432	6
2433	1
2434	1
2435	5
2436	5
2437	3
2438	4
2439	4
2440	4
2441	2
2442	5
2443	5
2444	3
2445	6
2446	2
2447	0
2448	4
2449	3
2450	3
2451	4
2452	4
2453	1
2454	4
2455	2
2456	3
2457	6
2458	2
2459	3
2460	4
2461	5
2462	2
2463	1
2464	2
2465	2
2466	7
2467	5
2468	3
2469	1
2470	3
2471	1
2472	1
2473	1
2474	3
2475	2
2476	2
2477	4
2478	5
2479	2
2480	5
2481	6
2482	4
2483	2
2484	2
2485	6
2486	2
2487	2
2488	5
2489	5
2490	4
2491	4
2492	6
2493	1
2494	4
2495	4
2496	3
2497	5
2498	4
2499	1
2500	1
2501	6
2502	1
2503	3
2504	1
2505	4
2506	4
2507	7
2508	3
2509	3
2510	1
2511	2
2512	4
2513	3
2514	3
2515	5
2516	4
2517	2
2518	4
2519	4
2520	2
2521	3
2522	0
2523	5
2524	1
2525	0
2526	3
2527	3
2528	5
2529	5
2530	3
2531	6
2532	4
2533	3
2534	8
2535	2
2536	3
2537	4
2538	4
2539	2
2540	2
2541	5
2542	3
2543	3
2544	4
2545	4
2546	3
2547	3
2548	4
2549	3
2550	3
2551	3
2552	1
2553	3
2554	2
2555	3
2556	1
2557	4
2558	5
2559	4
2560	4
2561	4
2562	1
2563	4
2564	5
2565	5
2566	5
2567	6
2568	2
2569	2
2570	2
2571	1
2572	3
2573	3
2574	0
2575	5
2576	5
2577	3
2578	2
2579	3
2580	3
2581	2
2582	7
2583	4
2584	4
2585	7
2586	1
2587	4
2588	3
2589	5
2590	3
2591	3
2592	0
2593	2
2594	4
2595	1
2596	1
2597	4
2598	5
2599	2
2600	1
2601	3
2602	1
2603	4
2604	1
2605	3
2606	5
2607	5
2608	3
2609	2
2610	1
2611	0
2612	0
2613	2
2614	4
2615	4
2616	4
2617	6
2618	7
2619	5
2620	0
2621	0
2622	3
2623	1
2624	6
2625	2
2626	3
2627	3
2628	3
2629	2
2630	3
2631	1
2632	3
2633	1
2634	4
2635	2
2636	4
2637	2
2638	1
2639	6
2640	5
2641	3
2642	3
2643	3
2644	5
2645	5
2646	5
2647	3
2648	2
2649	3
2650	3
2651	5
2652	1
2653	2
2654	1
2655	2
2656	1
2657	2
2658	1
2659	3
2660	2
2661	4
2662	2
2663	1
2664	2
2665	3
2666	3
2667	1
2668	3
2669	4
2670	3
2671	2
2672	6
2673	4
2674	3
2675	3
2676	3
2677	2
2678	5
2679	4
2680	2
2681	2
2682	3
2683	2
2684	1
2685	1
2686	5
2687	4
2688	1
2689	4
2690	4
2691	7
2692	7
2693	4
2694	4
2695	2
2696	2
2697	2
2698	1
2699	3
2700	5
2701	1
2702	1
2703	3
2704	4
2705	3
2706	5
2707	0
2708	5
2709	5
2710	4
2711	9
2712	2
2713	6
2714	5
2715	7
2716	1
2717	1
2718	3
2719	2
2720	2
2721	0
2722	2
2723	3
2724	6
2725	2
2726	2
2727	2
2728	2
2729	3
2730	6
2731	2
2732	3
2733	4
2734	3
2735	3
2736	1
2737	2
2738	0
2739	2
2740	1
2741	2
2742	3
2743	3
2744	2
2745	4
2746	3
2747	2
2748	8
2749	1
2750	1
2751	5
2752	0
2753	3
2754	2
2755	4
2756	5
2757	4
2758	2
2759	6
2760	4
2761	3
2762	5
2763	2
2764	2
2765	0
2766	3
2767	3
2768	7
2769	3
2770	3
2771	4
2772	2
2773	1
2774	2
2775	4
2776	3
2777	1
2778	4
2779	2
2780	1
2781	4
2782	3
2783	3
2784	2
2785	7
2786	1
2787	2
2788	2
2789	3
2790	5
2791	3
2792	2
2793	3
2794	4
2795	2
2796	1
2797	2
2798	3
2799	0
2800	3
2801	3
2802	3
2803	3
2804	9
2805	2
2806	2
2807	2
2808	1
2809	3
2810	1
2811	2
2812	4
2813	2
2814	3
2815	4
2816	3
2817	2
2818	1
2819	3
2820	1
2821	3
2822	5
2823	2
2824	3
2825	2
2826	3
2827	1
2828	4
2829	4
2830	2
2831	3
2832	4
2833	1
2834	5
2835	2
2836	3
2837	3
2838	3
2839	2
2840	1
2841	2
2842	4
2843	3
2844	2
2845	1
2846	2
2847	1
2848	2
2849	1
2850	3
2851	2
2852	0
2853	4
2854	5
2855	3
2856	3
2857	2
2858	7
2859	2
2860	3
2861	3
2862	2
2863	2
2864	1
2865	2
2866	0
2867	4
2868	4
2869	2
2870	5
2871	4
2872	1
2873	3
2874	1
2875	4
2876	2
2877	4
2878	4
2879	2
2880	3
2881	4
2882	4
2883	5
2884	3
2885	3
2886	3
2887	2
2888	4
2889	2
2890	2
2891	2
2892	3
2893	6
2894	5
2895	1
2896	3
2897	0
2898	4
2899	2
2900	4
2901	4
2902	3
2903	5
2904	2
2905	2
2906	0
2907	1
2908	2
2909	7
2910	2
2911	2
2912	2
2913	4
2914	2
2915	3
2916	1
2917	1
2918	2
2919	3
2920	4
2921	3
2922	5
2923	6
2924	1
2925	3
2926	5
2927	4
2928	2
2929	2
2930	0
2931	2
2932	3
2933	2
2934	2
2935	3
2936	4
2937	3
2938	4
2939	0
2940	5
2941	1
2942	2
2943	5
2944	3
2945	5
2946	3
2947	3
2948	2
2949	7
2950	6
2951	1
2952	4
2953	2
2954	1
2955	2
2956	1
2957	1
2958	4
2959	1
2960	7
2961	6
2962	9
2963	3
2964	2
2965	2
2966	2
2967	2
2968	2
2969	3
2970	3
2971	2
2972	1
2973	4
2974	1
2975	2
2976	5
2977	3
2978	5
2979	0
2980	4
2981	2
2982	2
2983	5
2984	2
2985	3
2986	0
2987	2
2988	4
2989	2
2990	3
2991	1
2992	0
2993	1
2994	3
2995	4
2996	1
2997	0
2998	2
2999	4
3000	3
3001	4
3002	6
3003	0
3004	3
3005	7
3006	6
3007	3
3008	2
3009	6
3010	1
3011	1
3012	2
3013	4
3014	2
3015	0
3016	0
3017	4
3018	6
3019	3
3020	1
3021	4
3022	2
3023	6
3024	2
3025	1
3026	1
3027	4
3028	7
3029	4
3030	4
3031	3
3032	4
3033	2
3034	0
3035	3
3036	1
3037	3
3038	4
3039	0
3040	2
3041	4
3042	6
3043	4
3044	6
3045	4
3046	3
3047	6
3048	3
3049	3
3050	5
3051	2
3052	1
3053	2
3054	2
3055	3
3056	6
3057	6
3058	0
3059	5
3060	4
3061	1
3062	0
3063	2
3064	2
3065	0
3066	7
3067	6
3068	5
3069	3
3070	3
3071	5
3072	2
3073	3
3074	6
3075	6
3076	4
3077	4
3078	4
3079	1
3080	2
3081	2
3082	3
3083	4
3084	5
3085	1
3086	1
3087	3
3088	3
3089	4
3090	2
3091	2
3092	2
3093	6
3094	2
3095	7
3096	1
3097	1
3098	1
3099	4
3100	1
3101	3
3102	4
3103	1
3104	1
3105	2
3106	1
3107	2
3108	6
3109	1
3110	7
3111	3
3112	2
3113	6
3114	2
3115	4
3116	4
3117	2
3118	2
3119	3
3120	1
3121	3
3122	1
3123	4
3124	2
3125	3
3126	1
3127	1
3128	2
3129	5
3130	3
3131	8
3132	3
3133	4
3134	2
3135	4
3136	5
3137	0
3138	3
3139	4
3140	3
3141	4
3142	4
3143	3
3144	3
3145	5
3146	3
3147	2
3148	4
3149	2
3150	2
3151	3
3152	1
3153	1
3154	1
3155	3
3156	4
3157	0
3158	2
3159	0
3160	2
3161	2
3162	2
3163	3
3164	2
3165	2
3166	2
3167	2
3168	3
3169	7
3170	2
3171	6
3172	1
3173	2
3174	1
3175	10
3176	4
3177	4
3178	4
3179	3
3180	3
3181	4
3182	0
3183	2
3184	2
3185	6
3186	2
3187	1
3188	5
3189	2
3190	3
3191	2
3192	2
3193	2
3194	2
3195	1
3196	1
3197	3
3198	3
3199	3
3200	4
3201	3
3202	4
3203	4
3204	3
3205	1
3206	4
3207	3
3208	6
3209	1
3210	4
3211	2
3212	2
3213	4
3214	2
3215	3
3216	0
3217	2
3218	4
3219	4
3220	4
3221	4
3222	2
3223	4
3224	5
3225	5
3226	4
3227	3
3228	3
3229	4
3230	2
3231	4
3232	2
3233	1
3234	2
3235	2
3236	1
3237	4
3238	4
3239	3
3240	3
3241	3
3242	1
3243	4
3244	5
3245	2
3246	3
3247	3
3248	0
3249	2
3250	2
3251	5
3252	0
3253	2
3254	0
3255	3
3256	1
3257	2
3258	4
3259	1
3260	4
3261	2
3262	2
3263	4
3264	5
3265	2
3266	2
3267	5
3268	2
3269	3
3270	2
3271	4
3272	3
3273	3
3274	2
3275	3
3276	2
3277	2
3278	3
3279	5
3280	0
3281	5
3282	1
3283	3
3284	3
3285	5
3286	2
3287	5
3288	0
3289	3
3290	4
3291	4
3292	3
3293	1
3294	6
3295	3
3296	7
3297	3
3298	1
3299	1
3300	3
3301	2
3302	2
3303	2
3304	1
3305	2
3306	4
3307	2
3308	1
3309	1
3310	2
3311	1
3312	3
3313	5
3314	1
3315	2
3316	3
3317	1
3318	5
3319	2
3320	0
3321	4
3322	1
3323	3
3324	4
3325	6
3326	8
3327	3
3328	2
3329	1
3330	4
3331	5
3332	3
3333	4
3334	4
3335	6
3336	1
3337	6
3338	4
3339	5
3340	2
3341	4
3342	3
3343	1
3344	3
3345	1
3346	4
3347	1
3348	3
3349	0
3350	7
3351	4
3352	1
3353	3
3354	3
3355	2
3356	3
3357	3
3358	3
3359	2
3360	1
3361	0
3362	4
3363	1
3364	2
3365	1
3366	3
3367	5
3368	2
3369	3
3370	4
3371	3
3372	6
3373	2
3374	1
3375	5
3376	6
3377	0
3378	4
3379	1
3380	3
3381	3
3382	2
3383	2
3384	0
3385	4
3386	2
3387	3
3388	1
3389	1
3390	4
3391	3
3392	5
3393	3
3394	3
3395	2
3396	2
3397	9
3398	4
3399	4
3400	4
3401	5
3402	4
3403	1
3404	3
3405	4
3406	3
3407	2
3408	4
3409	1
3410	1
3411	2
3412	2
3413	1
3414	2
3415	4
3416	7
3417	1
3418	8
3419	2
3420	5
3421	2
3422	0
3423	2
3424	1
3425	0
3426	0
3427	2
3428	2
3429	6
3430	2
3431	2
3432	3
3433	7
3434	2
3435	1
3436	5
3437	2
3438	6
3439	4
3440	0
3441	2
3442	2
3443	1
3444	2
3445	5
3446	1
3447	1
3448	4
3449	3
3450	3
3451	2
3452	1
3453	2
3454	3
3455	5
3456	4
3457	4
3458	3
3459	3
3460	3
3461	4
3462	3
3463	2
3464	6
3465	2
3466	1
3467	3
3468	2
3469	1
3470	1
3471	2
3472	4
3473	3
3474	2
3475	3
3476	4
3477	6
3478	3
3479	4
3480	3
3481	2
3482	1
3483	1
3484	5
3485	3
3486	3
3487	4
3488	4
3489	4
3490	1
3491	6
3492	3
3493	4
3494	3
3495	1
3496	1
3497	3
3498	0
3499	5
3500	3
3501	0
3502	2
3503	6
3504	4
3505	3
3506	2
3507	6
3508	6
3509	5
3510	2
3511	5
3512	4
3513	2
3514	1
3515	3
3516	5
3517	4
3518	3
3519	5
3520	4
3521	4
3522	4
3523	1
3524	1
3525	2
3526	4
3527	0
3528	3
3529	1
3530	3
3531	2
3532	1
3533	4
3534	1
3535	2
3536	6
3537	2
3538	1
3539	6
3540	2
3541	3
3542	2
3543	3
3544	6
3545	3
3546	3
3547	2
3548	3
3549	1
3550	1
3551	3
3552	1
3553	4
3554	2
3555	1
3556	3
3557	2
3558	2
3559	0
3560	2
3561	1
3562	1
3563	3
3564	1
3565	4
3566	2
3567	1
3568	3
3569	4
3570	2
3571	2
3572	2
3573	2
3574	2
3575	5
3576	1
3577	6
3578	2
3579	4
3580	2
3581	2
3582	2
3583	3
3584	2
3585	1
3586	5
3587	7
3588	2
3589	1
3590	4
3591	5
3592	3
3593	3
3594	4
3595	1
3596	2
3597	2
3598	0
3599	2
3600	5
3601	4
3602	3
3603	6
3604	2
3605	1
3606	3
3607	2
3608	2
3609	1
3610	3
3611	4
3612	2
3613	2
3614	2
3615	2
3616	1
3617	5
3618	6
3619	2
3620	1
3621	3
3622	2
3623	2
3624	4
3625	2
3626	3
3627	4
3628	2
3629	5
3630	4
3631	4
3632	2
3633	3
3634	2
3635	4
3636	3
3637	2
3638	2
3639	5
3640	1
3641	2
3642	3
3643	3
3644	2
3645	4
3646	3
3647	1
3648	3
3649	3
3650	2
3651	4
3652	3
3653	4
3654	1
3655	3
3656	4
3657	0
3658	3
3659	5
3660	5
3661	3
3662	2
3663	4
3664	7
3665	3
3666	3
3667	3
3668	2
3669	2
3670	7
3671	2
3672	1
3673	2
3674	3
3675	3
3676	4
3677	2
3678	4
3679	4
3680	1
3681	3
3682	2
3683	2
3684	3
3685	1
3686	1
3687	4
3688	5
3689	6
3690	5
3691	3
3692	2
3693	4
3694	2
3695	6
3696	3
3697	1
3698	2
3699	4
3700	2
3701	0
3702	6
3703	3
3704	3
3705	1
3706	0
3707	2
3708	2
3709	5
3710	5
3711	9
3712	2
3713	1
3714	4
3715	4
3716	2
3717	5
3718	3
3719	5
3720	0
3721	4
3722	0
3723	3
3724	1
3725	3
3726	9
3727	4
3728	4
3729	4
3730	5
3731	1
3732	3
3733	6
3734	4
3735	3
3736	5
3737	2
3738	2
3739	4
3740	4
3741	2
3742	3
3743	9
3744	2
3745	2
3746	2
3747	1
3748	3
3749	6
3750	6
3751	2
3752	5
3753	1
3754	4
3755	4
3756	2
3757	5
3758	1
3759	2
3760	3
3761	1
3762	3
3763	2
3764	4
3765	2
3766	4
3767	3
3768	2
3769	3
3770	5
3771	5
3772	3
3773	1
3774	5
3775	2
3776	0
3777	3
3778	3
3779	5
3780	5
3781	3
3782	4
3783	2
3784	2
3785	5
3786	5
3787	3
3788	1
3789	0
3790	2
3791	4
3792	5
3793	2
3794	2
3795	3
3796	2
3797	3
3798	4
3799	2
3800	1
3801	5
3802	2
3803	1
3804	2
3805	1
3806	1
3807	1
3808	4
3809	1
3810	3
3811	1
3812	1
3813	6
3814	7
3815	1
3816	6
3817	3
3818	2
3819	1
3820	1
3821	4
3822	0
3823	5
3824	3
3825	3
3826	4
3827	5
3828	5
3829	2
3830	1
3831	5
3832	2
3833	2
3834	2
3835	6
3836	4
3837	1
3838	1
3839	9
3840	3
3841	2
3842	3
3843	4
3844	2
3845	1
3846	1
3847	4
3848	5
3849	3
3850	1
3851	4
3852	2
3853	2
3854	4
3855	1
3856	4
3857	2
3858	4
3859	3
3860	2
3861	3
3862	1
3863	8
3864	3
3865	5
3866	3
3867	3
3868	1
3869	4
3870	2
3871	2
3872	4
3873	2
3874	1
3875	3
3876	1
3877	7
3878	1
3879	4
3880	2
3881	2
3882	1
3883	0
3884	1
3885	3
3886	6
3887	5
3888	2
3889	5
3890	0
3891	7
3892	4
3893	2
3894	3
3895	5
3896	0
3897	5
3898	1
3899	1
3900	8
3901	3
3902	2
3903	5
3904	5
3905	1
3906	0
3907	7
3908	4
3909	2
3910	3
3911	3
3912	3
3913	4
3914	5
3915	6
3916	1
3917	3
3918	2
3919	1
3920	3
3921	3
3922	4
3923	1
3924	3
3925	3
3926	2
3927	2
3928	4
3929	1
3930	1
3931	1
3932	1
3933	4
3934	3
3935	1
3936	3
3937	3
3938	4
3939	1
3940	1
3941	4
3942	1
3943	8
3944	1
3945	3
3946	3
3947	7
3948	3
3949	0
3950	4
3951	2
3952	1
3953	2
3954	4
3955	5
3956	1
3957	0
3958	2
3959	2
3960	5
3961	2
3962	6
3963	3
3964	1
3965	2
3966	1
3967	1
3968	3
3969	1
3970	1
3971	7
3972	0
3973	3
3974	7
3975	3
3976	4
3977	2
3978	4
3979	2
3980	1
3981	4
3982	2
3983	2
3984	1
3985	0
3986	3
3987	5
3988	2
3989	4
3990	2
3991	3
3992	4
3993	4
3994	3
3995	4
3996	3
3997	3
3998	4
3999	1
4000	6
4001	2
4002	5
4003	5
4004	3
4005	3
4006	5
4007	5
4008	5
4009	4
4010	3
4011	0
4012	3
4013	6
4014	2
4015	4
4016	3
4017	1
4018	1
4019	5
4020	2
4021	3
4022	3
4023	4
4024	4
4025	3
4026	3
4027	2
4028	0
4029	4
4030	5
4031	0
4032	2
4033	2
4034	3
4035	5
4036	2
4037	0
4038	7
4039	3
4040	3
4041	3
4042	1
4043	1
4044	2
4045	1
4046	2
4047	2
4048	2
4049	1
4050	0
4051	4
4052	3
4053	3
4054	4
4055	2
4056	1
4057	4
4058	1
4059	4
4060	3
4061	6
4062	3
4063	6
4064	0
4065	1
4066	4
4067	3
4068	2
4069	3
4070	5
4071	6
4072	2
4073	4
4074	3
4075	1
4076	3
4077	2
4078	4
4079	5
4080	3
4081	1
4082	4
4083	2
4084	5
4085	3
4086	3
4087	4
4088	6
4089	2
4090	0
4091	3
4092	1
4093	4
4094	2
4095	1
4096	5
4097	1
4098	0
4099	1
4100	4
4101	5
4102	2
4103	1
4104	1
4105	1
4106	0
4107	2
4108	2
4109	5
4110	4
4111	4
4112	0
4113	2
4114	2
4115	4
4116	5
4117	6
4118	3
4119	2
4120	2
4121	5
4122	5
4123	1
4124	6
4125	2
4126	6
4127	2
4128	1
4129	3
4130	4
4131	4
4132	2
4133	2
4134	3
4135	1
4136	2
4137	4
4138	4
4139	3
4140	2
4141	4
4142	2
4143	4
4144	4
4145	1
4146	3
4147	5
4148	1
4149	3
4150	2
4151	1
4152	4
4153	3
4154	2
4155	6
4156	2
4157	3
4158	3
4159	6
4160	1
4161	3
4162	1
4163	2
4164	1
4165	3
4166	4
4167	5
4168	3
4169	2
4170	5
4171	4
4172	2
4173	5
4174	3
4175	2
4176	0
4177	2
4178	3
4179	2
4180	5
4181	2
4182	1
4183	2
4184	1
4185	3
4186	4
4187	4
4188	3
4189	5
4190	1
4191	4
4192	1
4193	1
4194	4
4195	3
4196	3
4197	4
4198	3
4199	6
4200	1
4201	3
4202	3
4203	1
4204	2
4205	9
4206	4
4207	2
4208	6
4209	5
4210	3
4211	3
4212	4
4213	6
4214	7
4215	3
4216	2
4217	5
4218	5
4219	6
4220	9
4221	2
4222	1
4223	4
4224	3
4225	4
4226	3
4227	2
4228	4
4229	2
4230	2
4231	3
4232	2
4233	3
4234	5
4235	2
4236	6
4237	2
4238	6
4239	10
4240	3
4241	4
4242	3
4243	4
4244	2
4245	2
4246	3
4247	3
4248	2
4249	3
4250	2
4251	2
4252	3
4253	3
4254	3
4255	0
4256	1
4257	5
4258	5
4259	2
4260	3
4261	2
4262	4
4263	2
4264	4
4265	0
4266	1
4267	4
4268	7
4269	2
4270	5
4271	4
4272	5
4273	4
4274	0
4275	6
4276	3
4277	4
4278	3
4279	4
4280	2
4281	3
4282	3
4283	3
4284	3
4285	4
4286	2
4287	4
4288	2
4289	4
4290	3
4291	2
4292	2
4293	1
4294	3
4295	3
4296	3
4297	4
4298	5
4299	4
4300	4
4301	2
4302	2
4303	4
4304	5
4305	3
4306	4
4307	5
4308	2
4309	2
4310	1
4311	3
4312	6
4313	0
4314	2
4315	1
4316	4
4317	2
4318	4
4319	6
4320	2
4321	3
4322	6
4323	5
4324	2
4325	2
4326	5
4327	3
4328	3
4329	3
4330	2
4331	6
4332	0
4333	0
4334	2
4335	3
4336	5
4337	9
4338	5
4339	2
4340	3
4341	3
4342	7
4343	5
4344	4
4345	2
4346	4
4347	5
4348	2
4349	3
4350	4
4351	5
4352	4
4353	4
4354	1
4355	4
4356	0
4357	4
4358	2
4359	3
4360	8
4361	1
4362	2
4363	2
4364	4
4365	3
4366	5
4367	3
4368	0
4369	4
4370	3
4371	2
4372	3
4373	2
4374	2
4375	6
4376	2
4377	0
4378	2
4379	5
4380	1
4381	3
4382	5
4383	2
4384	4
4385	4
4386	0
4387	6
4388	0
4389	1
4390	3
4391	4
4392	3
4393	2
4394	3
4395	4
4396	5
4397	1
4398	5
4399	6
4400	4
4401	2
4402	2
4403	1
4404	5
4405	4
4406	3
4407	5
4408	1
4409	4
4410	4
4411	3
4412	1
4413	5
4414	1
4415	1
4416	3
4417	5
4418	2
4419	3
4420	1
4421	2
4422	5
4423	6
4424	0
4425	0
4426	2
4427	8
4428	3
4429	1
4430	1
4431	1
4432	3
4433	3
4434	4
4435	5
4436	6
4437	1
4438	2
4439	6
4440	3
4441	4
4442	4
4443	3
4444	3
4445	1
4446	3
4447	2
4448	2
4449	5
4450	2
4451	2
4452	2
4453	6
4454	1
4455	2
4456	2
4457	3
4458	3
4459	3
4460	3
4461	4
4462	1
4463	1
4464	2
4465	1
4466	3
4467	3
4468	2
4469	1
4470	3
4471	4
4472	4
4473	2
4474	1
4475	4
4476	4
4477	2
4478	2
4479	3
4480	2
4481	4
4482	5
4483	4
4484	4
4485	3
4486	2
4487	3
4488	2
4489	4
4490	4
4491	5
4492	4
4493	2
4494	3
4495	2
4496	2
4497	1
4498	1
4499	0
4500	4
4501	5
4502	2
4503	3
4504	5
4505	0
4506	5
4507	1
4508	1
4509	5
4510	5
4511	2
4512	3
4513	3
4514	4
4515	4
4516	3
4517	6
4518	1
4519	5
4520	1
4521	4
4522	7
4523	2
4524	1
4525	2
4526	5
4527	4
4528	1
4529	4
4530	3
4531	2
4532	2
4533	3
4534	1
4535	2
4536	3
4537	4
4538	5
4539	4
4540	1
4541	4
4542	4
4543	3
4544	1
4545	1
4546	3
4547	7
4548	4
4549	4
4550	1
4551	3
4552	6
4553	1
4554	2
4555	3
4556	2
4557	1
4558	1
4559	3
4560	4
4561	3
4562	5
4563	4
4564	3
4565	5
4566	1
4567	5
4568	6
4569	5
4570	0
4571	1
4572	1
4573	2
4574	3
4575	4
4576	4
4577	0
4578	8
4579	5
4580	1
4581	1
4582	6
4583	4
4584	1
4585	6
4586	1
4587	0
4588	2
4589	0
4590	5
4591	2
4592	1
4593	3
4594	2
4595	4
4596	3
4597	3
4598	3
4599	5
4600	1
4601	6
4602	1
4603	2
4604	3
4605	5
4606	0
4607	5
4608	0
4609	7
4610	4
4611	0
4612	1
4613	2
4614	1
4615	2
4616	3
4617	3
4618	2
4619	3
4620	2
4621	4
4622	0
4623	3
4624	0
4625	3
4626	2
4627	1
4628	3
4629	2
4630	8
4631	3
4632	6
4633	1
4634	1
4635	2
4636	2
4637	3
4638	2
4639	5
4640	6
4641	0
4642	4
4643	5
4644	4
4645	5
4646	1
4647	3
4648	4
4649	5
4650	2
4651	4
4652	6
4653	0
4654	0
4655	2
4656	6
4657	3
4658	2
4659	5
4660	3
4661	3
4662	3
4663	4
4664	3
4665	4
4666	4
4667	3
4668	4
4669	1
4670	3
4671	4
4672	3
4673	5
4674	4
4675	5
4676	8
4677	2
4678	3
4679	4
4680	6
4681	7
4682	1
4683	4
4684	0
4685	2
4686	4
4687	4
4688	2
4689	5
4690	2
4691	3
4692	3
4693	3
4694	4
4695	2
4696	3
4697	3
4698	3
4699	5
4700	0
4701	3
4702	3
4703	4
4704	3
4705	2
4706	6
4707	5
4708	2
4709	1
4710	3
4711	6
4712	2
4713	4
4714	1
4715	4
4716	5
4717	2
4718	3
4719	6
4720	4
4721	1
4722	1
4723	4
4724	5
4725	6
4726	2
4727	1
4728	5
4729	1
4730	2
4731	5
4732	5
4733	4
4734	3
4735	5
4736	3
4737	2
4738	3
4739	4
4740	1
4741	0
4742	1
4743	2
4744	2
4745	3
4746	2
4747	3
4748	1
4749	4
4750	5
4751	6
4752	5
4753	2
4754	5
4755	1
4756	4
4757	7
4758	0
4759	0
4760	3
4761	3
4762	3
4763	2
4764	5
4765	3
4766	6
4767	2
4768	1
4769	3
4770	1
4771	7
4772	4
4773	1
4774	4
4775	3
4776	6
4777	4
4778	2
4779	2
4780	3
4781	2
4782	4
4783	5
4784	3
4785	4
4786	0
4787	2
4788	1
4789	1
4790	1
4791	2
4792	2
4793	1
4794	3
4795	3
4796	2
4797	1
4798	4
4799	5
4800	4
4801	5
4802	1
4803	3
4804	5
4805	3
4806	7
4807	5
4808	5
4809	3
4810	3
4811	4
4812	2
4813	3
4814	6
4815	3
4816	3
4817	4
4818	0
4819	5
4820	3
4821	3
4822	2
4823	0
4824	4
4825	3
4826	0
4827	4
4828	4
4829	4
4830	3
4831	0
4832	2
4833	3
4834	3
4835	3
4836	3
4837	3
4838	3
4839	2
4840	2
4841	2
4842	2
4843	1
4844	3
4845	3
4846	1
4847	3
4848	7
4849	5
4850	2
4851	2
4852	2
4853	7
4854	2
4855	3
4856	4
4857	3
4858	2
4859	3
4860	3
4861	3
4862	5
4863	4
4864	2
4865	0
4866	3
4867	3
4868	3
4869	1
4870	5
4871	0
4872	5
4873	2
4874	3
4875	2
4876	3
4877	3
4878	4
4879	6
4880	5
4881	5
4882	0
4883	0
4884	4
4885	4
4886	2
4887	3
4888	1
4889	1
4890	3
4891	3
4892	3
4893	4
4894	5
4895	4
4896	3
4897	4
4898	2
4899	6
4900	6
4901	2
4902	4
4903	5
4904	5
4905	3
4906	1
4907	3
4908	5
4909	5
4910	4
4911	2
4912	3
4913	1
4914	4
4915	1
4916	1
4917	1
4918	4
4919	2
4920	5
4921	1
4922	1
4923	4
4924	5
4925	7
4926	6
4927	3
4928	5
4929	3
4930	2
4931	5
4932	3
4933	0
4934	3
4935	5
4936	4
4937	7
4938	4
4939	3
4940	5
4941	5
4942	2
4943	1
4944	4
4945	4
4946	2
4947	2
4948	3
4949	1
4950	5
4951	2
4952	3
4953	3
4954	3
4955	2
4956	2
4957	3
4958	1
4959	7
4960	4
4961	3
4962	0
4963	4
4964	1
4965	2
4966	2
4967	2
4968	7
4969	3
4970	3
4971	1
4972	1
4973	3
4974	5
4975	7
4976	2
4977	4
4978	3
4979	6
4980	3
4981	2
4982	4
4983	3
4984	1
4985	4
4986	3
4987	1
4988	4
4989	3
4990	3
4991	5
4992	5
4993	2
4994	2
4995	1
4996	6
4997	1
4998	3
4999	1
5000	6
5001	6
5002	4
5003	3
5004	4
5005	2
5006	2
5007	1
5008	5
5009	4
5010	3
5011	4
5012	1
5013	3
5014	5
5015	4
5016	4
5017	1
5018	2
5019	3
5020	2
5021	5
5022	1
5023	4
5024	3
5025	6
5026	1
5027	2
5028	2
5029	1
5030	3
5031	2
5032	1
5033	4
5034	3
5035	3
5036	4
5037	1
5038	4
5039	6
5040	2
5041	2
5042	1
5043	1
5044	4
5045	3
5046	1
5047	2
5048	4
5049	4
5050	0
5051	1
5052	1
5053	6
5054	2
5055	9
5056	2
5057	4
5058	4
5059	5
5060	0
5061	2
5062	2
5063	4
5064	4
5065	1
5066	2
5067	6
5068	3
5069	3
5070	2
5071	3
5072	2
5073	6
5074	3
5075	4
5076	3
5077	0
5078	2
5079	5
5080	6
5081	2
5082	6
5083	2
5084	3
5085	1
5086	3
5087	3
5088	2
5089	5
5090	3
5091	3
5092	4
5093	6
5094	2
5095	3
5096	3
5097	2
5098	6
5099	5
5100	3
5101	3
5102	1
5103	1
5104	4
5105	1
5106	4
5107	2
5108	3
5109	7
5110	2
5111	3
5112	3
5113	1
5114	3
5115	3
5116	5
5117	3
5118	1
5119	2
5120	4
5121	7
5122	2
5123	4
5124	2
5125	5
5126	4
5127	4
5128	4
5129	3
5130	3
5131	2
5132	4
5133	4
5134	3
5135	2
5136	5
5137	5
5138	3
5139	4
5140	5
5141	2
5142	6
5143	3
5144	3
5145	1
5146	2
5147	0
5148	5
5149	1
5150	4
5151	1
5152	1
5153	4
5154	4
5155	1
5156	3
5157	4
5158	1
5159	7
5160	0
5161	2
5162	2
5163	1
5164	1
5165	5
5166	3
5167	1
5168	4
5169	1
5170	1
5171	3
5172	4
5173	3
5174	2
5175	1
5176	3
5177	3
5178	4
5179	4
5180	3
5181	6
5182	0
5183	2
5184	2
5185	0
5186	4
5187	3
5188	4
5189	4
5190	4
5191	1
5192	4
5193	3
5194	7
5195	1
5196	0
5197	2
5198	2
5199	2
5200	2
5201	5
5202	4
5203	3
5204	0
5205	3
5206	4
5207	2
5208	0
5209	2
5210	5
5211	3
5212	2
5213	5
5214	5
5215	3
5216	3
5217	5
5218	0
5219	3
5220	4
5221	5
5222	2
5223	5
5224	1
5225	4
5226	3
5227	3
5228	1
5229	8
5230	3
5231	4
5232	4
5233	3
5234	5
5235	4
5236	1
5237	3
5238	1
5239	1
5240	6
5241	3
5242	2
5243	1
5244	1
5245	3
5246	6
5247	3
5248	1
5249	0
5250	5
5251	2
5252	5
5253	8
5254	1
5255	2
5256	2
5257	2
5258	4
5259	6
5260	0
5261	3
5262	7
5263	4
5264	5
5265	5
5266	1
5267	2
5268	6
5269	5
5270	2
5271	3
5272	5
5273	3
5274	2
5275	1
5276	5
5277	4
5278	2
5279	4
5280	4
5281	3
5282	1
5283	4
5284	2
5285	2
5286	2
5287	5
5288	1
5289	1
5290	2
5291	1
5292	1
5293	7
5294	0
5295	1
5296	6
5297	5
5298	4
5299	3
5300	4
5301	1
5302	3
5303	3
5304	7
5305	1
5306	2
5307	3
5308	1
5309	2
5310	2
5311	3
5312	0
5313	3
5314	9
5315	3
5316	1
5317	2
5318	2
5319	7
5320	4
5321	3
5322	1
5323	1
5324	5
5325	1
5326	6
5327	5
5328	4
5329	4
5330	4
5331	1
5332	2
5333	4
5334	1
5335	3
5336	2
5337	2
5338	2
5339	1
5340	5
5341	3
5342	3
5343	3
5344	0
5345	3
5346	4
5347	4
5348	4
5349	4
5350	4
5351	4
5352	4
5353	4
5354	4
5355	3
5356	1
5357	3
5358	3
5359	2
5360	5
5361	1
5362	3
5363	2
5364	4
5365	1
5366	3
5367	1
5368	2
5369	5
5370	1
5371	3
5372	2
5373	1
5374	1
5375	3
5376	2
5377	3
5378	1
5379	1
5380	5
5381	5
5382	2
5383	4
5384	3
5385	5
5386	5
5387	0
5388	2
5389	4
5390	1
5391	6
5392	1
5393	1
5394	3
5395	5
5396	6
5397	3
5398	4
5399	3
5400	8
5401	5
5402	5
5403	1
5404	3
5405	4
5406	4
5407	2
5408	3
5409	0
5410	3
5411	3
5412	2
5413	1
5414	4
5415	3
5416	3
5417	3
5418	3
5419	4
5420	4
5421	3
5422	5
5423	3
5424	1
5425	1
5426	6
5427	4
5428	4
5429	1
5430	4
5431	2
5432	2
5433	3
5434	3
5435	3
5436	1
5437	4
5438	2
5439	1
5440	4
5441	0
5442	1
5443	2
5444	2
5445	0
5446	3
5447	2
5448	5
5449	2
5450	0
5451	4
5452	4
5453	4
5454	3
5455	3
5456	3
5457	1
5458	2
5459	5
5460	2
5461	3
5462	5
5463	4
5464	2
5465	6
5466	2
5467	4
5468	6
5469	4
5470	4
5471	1
5472	2
5473	5
5474	0
5475	0
5476	4
5477	3
5478	2
5479	4
5480	7
5481	3
5482	4
5483	2
5484	2
5485	1
5486	2
5487	4
5488	2
5489	2
5490	3
5491	2
5492	2
5493	4
5494	3
5495	2
5496	4
5497	2
5498	1
5499	4
5500	4
5501	4
5502	1
5503	1
5504	4
5505	4
5506	5
5507	3
5508	10
5509	6
5510	3
5511	2
5512	3
5513	1
5514	2
5515	6
5516	3
5517	4
5518	4
5519	5
5520	4
5521	4
5522	1
5523	2
5524	6
5525	2
5526	6
5527	0
5528	5
5529	1
5530	3
5531	4
5532	2
5533	4
5534	4
5535	1
5536	5
5537	4
5538	8
5539	1
5540	6
5541	0
5542	4
5543	4
5544	3
5545	6
5546	3
5547	4
5548	4
5549	3
5550	3
5551	3
5552	2
5553	5
5554	3
5555	1
5556	3
5557	5
5558	7
5559	7
5560	4
5561	1
5562	2
5563	2
5564	4
5565	5
5566	3
5567	4
5568	2
5569	4
5570	5
5571	3
5572	5
5573	5
5574	3
5575	1
5576	2
5577	5
5578	3
5579	2
5580	4
5581	4
5582	2
5583	1
5584	2
5585	2
5586	3
5587	4
5588	2
5589	3
5590	3
5591	3
5592	0
5593	1
5594	6
5595	3
5596	5
5597	3
5598	1
5599	2
5600	5
5601	1
5602	2
5603	2
5604	3
5605	4
5606	5
5607	5
5608	1
5609	1
5610	8
5611	4
5612	1
5613	3
5614	3
5615	3
5616	3
5617	1
5618	8
5619	3
5620	5
5621	4
5622	3
5623	1
5624	6
5625	3
5626	5
5627	1
5628	3
5629	2
5630	6
5631	1
5632	3
5633	3
5634	2
5635	7
5636	7
5637	5
5638	3
5639	5
5640	2
5641	3
5642	3
5643	5
5644	3
5645	0
5646	0
5647	4
5648	3
5649	3
5650	0
5651	2
5652	4
5653	3
5654	5
5655	3
5656	3
5657	2
5658	2
5659	0
5660	1
5661	5
5662	5
5663	6
5664	1
5665	1
5666	3
5667	5
5668	3
5669	3
5670	1
5671	3
5672	2
5673	2
5674	4
5675	1
5676	6
5677	3
5678	2
5679	5
5680	3
5681	2
5682	4
5683	3
5684	5
5685	6
5686	2
5687	4
5688	4
5689	0
5690	3
5691	5
5692	6
5693	5
5694	2
5695	3
5696	9
5697	3
5698	6
5699	4
5700	5
5701	5
5702	8
5703	4
5704	2
5705	3
5706	2
5707	3
5708	1
5709	4
5710	2
5711	2
5712	6
5713	3
5714	1
5715	7
5716	2
5717	2
5718	1
5719	4
5720	0
5721	2
5722	2
5723	1
5724	1
5725	2
5726	2
5727	3
5728	3
5729	4
5730	4
5731	2
5732	4
5733	4
5734	1
5735	5
5736	3
5737	2
5738	3
5739	3
5740	4
5741	10
5742	0
5743	3
5744	2
5745	5
5746	5
5747	1
5748	5
5749	0
5750	3
5751	1
5752	2
5753	3
5754	3
5755	1
5756	3
5757	1
5758	2
5759	2
5760	0
5761	2
5762	3
5763	1
5764	2
5765	4
5766	2
5767	3
5768	1
5769	3
5770	2
5771	0
5772	3
5773	5
5774	2
5775	6
5776	3
5777	3
5778	6
5779	3
5780	1
5781	4
5782	3
5783	3
5784	3
5785	3
5786	8
5787	3
5788	1
5789	2
5790	4
5791	6
5792	3
5793	1
5794	1
5795	3
5796	3
5797	1
5798	0
5799	2
5800	5
5801	3
5802	3
5803	4
5804	3
5805	5
5806	3
5807	4
5808	2
5809	4
5810	6
5811	1
5812	3
5813	2
5814	3
5815	1
5816	1
5817	1
5818	3
5819	1
5820	4
5821	4
5822	4
5823	3
5824	2
5825	5
5826	1
5827	3
5828	2
5829	4
5830	1
5831	5
5832	1
5833	3
5834	3
5835	2
5836	3
5837	3
5838	2
5839	1
5840	3
5841	3
5842	3
5843	2
5844	4
5845	2
5846	4
5847	3
5848	1
5849	3
5850	2
5851	4
5852	2
5853	5
5854	1
5855	1
5856	4
5857	2
5858	4
5859	2
5860	3
5861	2
5862	3
5863	1
5864	8
5865	3
5866	2
5867	2
5868	1
5869	8
5870	3
5871	4
5872	4
5873	0
5874	3
5875	3
5876	5
5877	1
5878	6
5879	3
5880	3
5881	3
5882	2
5883	8
5884	2
5885	3
5886	2
5887	5
5888	2
5889	5
5890	3
5891	1
5892	3
5893	2
5894	5
5895	2
5896	2
5897	0
5898	6
5899	6
5900	3
5901	7
5902	2
5903	3
5904	1
5905	5
5906	3
5907	1
5908	0
5909	2
5910	0
5911	4
5912	3
5913	1
5914	3
5915	2
5916	3
5917	4
5918	3
5919	2
5920	2
5921	3
5922	3
5923	2
5924	1
5925	2
5926	6
5927	6
5928	4
5929	3
5930	3
5931	0
5932	4
5933	4
5934	1
5935	4
5936	2
5937	2
5938	3
5939	4
5940	5
5941	1
5942	4
5943	2
5944	3
5945	3
5946	4
5947	4
5948	5
5949	1
5950	2
5951	3
5952	3
5953	4
5954	3
5955	1
5956	0
5957	4
5958	3
5959	3
5960	4
5961	2
5962	2
5963	2
5964	3
5965	2
5966	2
5967	5
5968	2
5969	2
5970	4
5971	4
5972	7
5973	5
5974	1
5975	6
5976	1
5977	3
5978	5
5979	1
5980	4
5981	2
5982	3
5983	0
5984	2
5985	4
5986	2
5987	3
5988	8
5989	4
5990	3
5991	4
5992	3
5993	1
5994	6
5995	2
5996	3
5997	4
5998	4
5999	8
6000	4
6001	1
6002	3
6003	5
6004	4
6005	4
6006	2
6007	2
6008	6
6009	2
6010	2
6011	2
6012	6
6013	6
6014	2
6015	1
6016	0
6017	3
6018	3
6019	2
6020	3
6021	3
6022	0
6023	5
6024	3
6025	5
6026	2
6027	1
6028	0
6029	1
6030	4
6031	2
6032	8
6033	6
6034	6
6035	2
6036	3
6037	3
6038	2
6039	2
6040	2
6041	1
6042	2
6043	2
6044	5
6045	5
6046	2
6047	1
6048	4
6049	2
6050	3
6051	2
6052	1
6053	3
6054	1
6055	5
6056	2
6057	2
6058	3
6059	4
6060	3
6061	4
6062	4
6063	7
6064	4
6065	4
6066	6
6067	2
6068	1
6069	2
6070	3
6071	5
6072	2
6073	4
6074	5
6075	4
6076	6
6077	1
6078	2
6079	3
6080	2
6081	3
6082	3
6083	1
6084	0
6085	7
6086	5
6087	5
6088	2
6089	6
6090	1
6091	5
6092	1
6093	5
6094	0
6095	4
6096	2
6097	4
6098	6
6099	3
6100	2
6101	8
6102	8
6103	3
6104	4
6105	3
6106	2
6107	4
6108	3
6109	5
6110	6
6111	5
6112	1
6113	8
6114	3
6115	1
6116	1
6117	2
6118	0
6119	0
6120	1
6121	3
6122	6
6123	6
6124	2
6125	2
6126	7
6127	7
6128	5
6129	4
6130	4
6131	3
6132	2
6133	1
6134	3
6135	1
6136	4
6137	1
6138	2
6139	2
6140	4
6141	5
6142	5
6143	5
6144	7
6145	2
6146	2
6147	4
6148	4
6149	2
6150	5
6151	5
6152	2
6153	4
6154	5
6155	2
6156	6
6157	2
6158	1
6159	3
6160	6
6161	6
6162	3
6163	7
6164	1
6165	5
6166	1
6167	5
6168	3
6169	2
6170	2
6171	3
6172	3
6173	2
6174	2
6175	3
6176	1
6177	4
6178	5
6179	1
6180	5
6181	3
6182	2
6183	5
6184	2
6185	4
6186	2
6187	0
6188	2
6189	4
6190	2
6191	5
6192	4
6193	4
6194	2
6195	1
6196	1
6197	4
6198	5
6199	5
6200	2
6201	4
6202	7
6203	5
6204	6
6205	0
6206	2
6207	4
6208	4
6209	1
6210	5
6211	2
6212	2
6213	3
6214	2
6215	2
6216	2
6217	5
6218	4
6219	4
6220	6
6221	2
6222	5
6223	3
6224	1
6225	5
6226	4
6227	3
6228	2
6229	4
6230	0
6231	2
6232	4
6233	4
6234	3
6235	5
6236	2
6237	4
6238	4
6239	3
6240	5
6241	3
6242	0
6243	3
6244	2
6245	4
6246	4
6247	3
6248	3
6249	1
6250	2
6251	1
6252	3
6253	2
6254	3
6255	4
6256	4
6257	2
6258	1
6259	4
6260	3
6261	4
6262	5
6263	0
6264	4
6265	3
6266	2
6267	3
6268	2
6269	3
6270	2
6271	2
6272	3
6273	2
6274	2
6275	5
6276	7
6277	2
6278	3
6279	4
6280	1
6281	3
6282	2
6283	3
6284	2
6285	5
6286	3
6287	4
6288	3
6289	2
6290	4
6291	2
6292	1
6293	4
6294	4
6295	1
6296	1
6297	1
6298	1
6299	1
6300	1
6301	3
6302	3
6303	1
6304	2
6305	5
6306	3
6307	2
6308	1
6309	1
6310	2
6311	3
6312	4
6313	3
6314	2
6315	1
6316	0
6317	2
6318	2
6319	6
6320	3
6321	4
6322	5
6323	0
6324	1
6325	4
6326	3
6327	1
6328	2
6329	1
6330	1
6331	3
6332	1
6333	4
6334	2
6335	3
6336	2
6337	1
6338	2
6339	4
6340	1
6341	2
6342	5
6343	0
6344	2
6345	5
6346	10
6347	3
6348	1
6349	3
6350	3
6351	1
6352	3
6353	4
6354	4
6355	1
6356	2
6357	2
6358	4
6359	1
6360	2
6361	2
6362	4
6363	4
6364	2
6365	8
6366	6
6367	4
6368	3
6369	2
6370	0
6371	2
6372	3
6373	2
6374	2
6375	6
6376	1
6377	2
6378	1
6379	2
6380	6
6381	7
6382	3
6383	2
6384	3
6385	4
6386	6
6387	5
6388	5
6389	4
6390	6
6391	2
6392	4
6393	3
6394	2
6395	9
6396	3
6397	0
6398	1
6399	2
6400	1
6401	3
6402	4
6403	4
6404	4
6405	2
6406	1
6407	4
6408	3
6409	5
6410	5
6411	2
6412	3
6413	2
6414	7
6415	4
6416	6
6417	2
6418	4
6419	4
6420	2
6421	1
6422	3
6423	4
6424	4
6425	1
6426	0
6427	4
6428	5
6429	5
6430	2
6431	5
6432	3
6433	3
6434	5
6435	3
6436	6
6437	7
6438	3
6439	7
6440	2
6441	4
6442	2
6443	1
6444	3
6445	3
6446	3
6447	2
6448	3
6449	4
6450	0
6451	0
6452	2
6453	3
6454	2
6455	3
6456	5
6457	4
6458	0
6459	2
6460	5
6461	2
6462	3
6463	1
6464	1
6465	3
6466	2
6467	2
6468	4
6469	1
6470	1
6471	2
6472	3
6473	6
6474	4
6475	5
6476	3
6477	2
6478	2
6479	4
6480	3
6481	1
6482	3
6483	2
6484	2
6485	3
6486	4
6487	2
6488	2
6489	4
6490	5
6491	1
6492	2
6493	2
6494	0
6495	1
6496	2
6497	1
6498	3
6499	3
6500	8
6501	2
6502	6
6503	2
6504	3
6505	2
6506	3
6507	4
6508	5
6509	2
6510	3
6511	4
6512	8
6513	6
6514	5
6515	8
6516	1
6517	5
6518	2
6519	5
6520	1
6521	3
6522	8
6523	5
6524	4
6525	2
6526	1
6527	2
6528	2
6529	3
6530	4
6531	1
6532	2
6533	3
6534	1
6535	1
6536	4
6537	3
6538	3
6539	0
6540	3
6541	4
6542	1
6543	3
6544	0
6545	2
6546	1
6547	2
6548	2
6549	1
6550	0
6551	2
6552	4
6553	2
6554	2
6555	3
6556	7
6557	2
6558	6
6559	4
6560	1
6561	2
6562	1
6563	4
6564	4
6565	5
6566	2
6567	2
6568	2
6569	2
6570	2
6571	1
6572	4
6573	3
6574	2
6575	1
6576	5
6577	3
6578	6
6579	4
6580	2
6581	1
6582	1
6583	0
6584	3
6585	0
6586	6
6587	2
6588	2
6589	2
6590	4
6591	4
6592	1
6593	5
6594	3
6595	2
6596	3
6597	2
6598	3
6599	2
6600	2
6601	1
6602	3
6603	2
6604	7
6605	5
6606	4
6607	2
6608	3
6609	3
6610	3
6611	4
6612	3
6613	5
6614	5
6615	3
6616	1
6617	4
6618	1
6619	3
6620	6
6621	3
6622	2
6623	1
6624	2
6625	6
6626	3
6627	5
6628	2
6629	2
6630	3
6631	7
6632	3
6633	6
6634	1
6635	5
6636	5
6637	2
6638	8
6639	5
6640	1
6641	2
6642	3
6643	4
6644	4
6645	3
6646	2
6647	5
6648	5
6649	5
6650	5
6651	3
6652	3
6653	3
6654	4
6655	2
6656	4
6657	3
6658	3
6659	1
6660	3
6661	4
6662	0
6663	2
6664	1
6665	1
6666	6
6667	4
6668	3
6669	2
6670	4
6671	2
6672	4
6673	2
6674	3
6675	1
6676	3
6677	1
6678	3
6679	4
6680	0
6681	1
6682	6
6683	0
6684	2
6685	2
6686	6
6687	7
6688	0
6689	2
6690	3
6691	3
6692	4
6693	2
6694	2
6695	1
6696	1
6697	2
6698	3
6699	11
6700	3
6701	3
6702	3
6703	4
6704	2
6705	2
6706	2
6707	1
6708	3
6709	4
6710	3
6711	3
6712	4
6713	2
6714	4
6715	2
6716	2
6717	4
6718	1
6719	10
6720	3
6721	3
6722	2
6723	4
6724	3
6725	5
6726	0
6727	2
6728	1
6729	5
6730	7
6731	5
6732	2
6733	3
6734	1
6735	2
6736	2
6737	1
6738	5
6739	0
6740	1
6741	3
6742	1
6743	5
6744	2
6745	2
6746	1
6747	1
6748	1
6749	1
6750	3
6751	5
6752	3
6753	3
6754	1
6755	5
6756	3
6757	2
6758	4
6759	1
6760	2
6761	2
6762	3
6763	1
6764	3
6765	8
6766	6
6767	3
6768	5
6769	3
6770	5
6771	3
6772	5
6773	1
6774	2
6775	3
6776	1
6777	4
6778	1
6779	2
6780	5
6781	5
6782	3
6783	5
6784	7
6785	4
6786	2
6787	1
6788	0
6789	4
6790	3
6791	6
6792	2
6793	5
6794	2
6795	4
6796	2
6797	3
6798	1
6799	1
6800	3
6801	4
6802	3
6803	1
6804	2
6805	3
6806	5
6807	3
6808	1
6809	3
6810	1
6811	5
6812	4
6813	6
6814	3
6815	4
6816	2
6817	1
6818	4
6819	4
6820	0
6821	1
6822	1
6823	1
6824	6
6825	3
6826	5
6827	7
6828	4
6829	2
6830	1
6831	2
6832	5
6833	3
6834	0
6835	4
6836	3
6837	2
6838	4
6839	6
6840	5
6841	1
6842	3
6843	4
6844	1
6845	2
6846	2
6847	5
6848	6
6849	4
6850	4
6851	3
6852	4
6853	3
6854	4
6855	1
6856	4
6857	3
6858	3
6859	3
6860	4
6861	2
6862	5
6863	1
6864	3
6865	6
6866	2
6867	1
6868	2
6869	2
6870	2
6871	2
6872	1
6873	5
6874	2
6875	4
6876	9
6877	5
6878	4
6879	1
6880	3
6881	2
6882	2
6883	4
6884	5
6885	3
6886	6
6887	3
6888	1
6889	9
6890	2
6891	5
6892	5
6893	2
6894	1
6895	2
6896	2
6897	2
6898	2
6899	3
6900	3
6901	2
6902	0
6903	3
6904	4
6905	2
6906	3
6907	2
6908	1
6909	4
6910	3
6911	5
6912	1
6913	2
6914	4
6915	2
6916	2
6917	5
6918	5
6919	5
6920	2
6921	3
6922	6
6923	2
6924	3
6925	0
6926	3
6927	3
6928	2
6929	7
6930	3
6931	6
6932	2
6933	8
6934	0
6935	1
6936	5
6937	4
6938	3
6939	3
6940	4
6941	3
6942	1
6943	4
6944	8
6945	3
6946	9
6947	2
6948	4
6949	5
6950	1
6951	1
6952	5
6953	3
6954	1
6955	2
6956	2
6957	2
6958	2
6959	1
6960	3
6961	2
6962	3
6963	2
6964	3
6965	5
6966	3
6967	1
6968	4
6969	4
6970	3
6971	3
6972	3
6973	1
6974	5
6975	0
6976	2
6977	2
6978	5
6979	1
6980	0
6981	4
6982	3
6983	3
6984	4
6985	3
6986	3
6987	3
6988	6
6989	5
6990	3
6991	3
6992	1
6993	5
6994	1
6995	3
6996	7
6997	5
6998	4
6999	2
7000	2
7001	4
7002	2
7003	6
7004	4
7005	0
7006	2
7007	5
7008	1
7009	1
7010	1
7011	1
7012	5
7013	3
7014	1
7015	11
7016	0
7017	1
7018	2
7019	2
7020	3
7021	3
7022	6
7023	3
7024	3
7025	0
7026	2
7027	3
7028	1
7029	3
7030	3
7031	6
7032	2
7033	2
7034	1
7035	1
7036	2
7037	5
7038	5
7039	4
7040	3
7041	2
7042	3
7043	1
7044	2
7045	2
7046	2
7047	3
7048	1
7049	4
7050	2
7051	1
7052	1
7053	8
7054	2
7055	2
7056	4
7057	0
7058	1
7059	4
7060	4
7061	5
7062	3
7063	1
7064	7
7065	3
7066	2
7067	3
7068	5
7069	2
7070	2
7071	2
7072	1
7073	3
7074	1
7075	1
7076	1
7077	5
7078	4
7079	3
7080	3
7081	2
7082	2
7083	2
7084	2
7085	4
7086	2
7087	2
7088	5
7089	1
7090	3
7091	1
7092	3
7093	5
7094	4
7095	6
7096	2
7097	6
7098	4
7099	2
7100	3
7101	2
7102	1
7103	1
7104	6
7105	2
7106	0
7107	4
7108	3
7109	3
7110	4
7111	3
7112	3
7113	6
7114	0
7115	3
7116	2
7117	4
7118	10
7119	3
7120	4
7121	8
7122	3
7123	0
7124	4
7125	9
7126	1
7127	2
7128	0
7129	3
7130	0
7131	1
7132	7
7133	3
7134	1
7135	7
7136	3
7137	0
7138	2
7139	2
7140	2
7141	4
7142	3
7143	1
7144	3
7145	3
7146	3
7147	3
7148	3
7149	1
7150	4
7151	6
7152	2
7153	3
7154	2
7155	5
7156	3
7157	5
7158	2
7159	4
7160	4
7161	1
7162	2
7163	3
7164	4
7165	3
7166	3
7167	4
7168	6
7169	6
7170	3
7171	4
7172	1
7173	0
7174	4
7175	6
7176	2
7177	1
7178	1
7179	5
7180	2
7181	3
7182	3
7183	4
7184	4
7185	2
7186	3
7187	6
7188	4
7189	4
7190	4
7191	3
7192	1
7193	3
7194	2
7195	1
7196	4
7197	2
7198	4
7199	1
7200	1
7201	3
7202	3
7203	4
7204	0
7205	2
7206	1
7207	3
7208	3
7209	4
7210	2
7211	0
7212	3
7213	3
7214	5
7215	3
7216	1
7217	6
7218	6
7219	5
7220	2
7221	4
7222	6
7223	1
7224	2
7225	2
7226	5
7227	1
7228	4
7229	3
7230	2
7231	4
7232	3
7233	2
7234	3
7235	0
7236	5
7237	5
7238	2
7239	3
7240	4
7241	3
7242	2
7243	1
7244	6
7245	2
7246	3
7247	5
7248	5
7249	3
7250	4
7251	4
7252	6
7253	1
7254	1
7255	4
7256	1
7257	2
7258	2
7259	1
7260	2
7261	1
7262	5
7263	1
7264	4
7265	3
7266	1
7267	3
7268	4
7269	4
7270	2
7271	5
7272	2
7273	3
7274	6
7275	2
7276	0
7277	1
7278	5
7279	4
7280	2
7281	6
7282	2
7283	3
7284	0
7285	3
7286	3
7287	0
7288	4
7289	2
7290	2
7291	7
7292	2
7293	3
7294	3
7295	4
7296	3
7297	1
7298	4
7299	1
7300	2
7301	3
7302	2
7303	5
7304	3
7305	1
7306	5
7307	6
7308	3
7309	3
7310	4
7311	2
7312	1
7313	5
7314	5
7315	5
7316	1
7317	0
7318	2
7319	3
7320	3
7321	4
7322	2
7323	5
7324	3
7325	2
7326	2
7327	2
7328	3
7329	1
7330	2
7331	2
7332	7
7333	4
7334	5
7335	2
7336	3
7337	4
7338	3
7339	3
7340	8
7341	2
7342	4
7343	2
7344	4
7345	2
7346	1
7347	2
7348	2
7349	3
7350	3
7351	2
7352	4
7353	1
7354	4
7355	3
7356	2
7357	1
7358	3
7359	2
7360	1
7361	3
7362	4
7363	0
7364	3
7365	3
7366	0
7367	4
7368	2
7369	3
7370	2
7371	1
7372	1
7373	1
7374	3
7375	4
7376	1
7377	4
7378	2
7379	1
7380	3
7381	4
7382	3
7383	3
7384	5
7385	4
7386	4
7387	3
7388	2
7389	4
7390	4
7391	2
7392	3
7393	2
7394	6
7395	4
7396	3
7397	3
7398	3
7399	6
7400	2
7401	2
7402	3
7403	4
7404	5
7405	1
7406	2
7407	4
7408	1
7409	2
7410	3
7411	5
7412	4
7413	5
7414	3
7415	3
7416	2
7417	6
7418	3
7419	6
7420	4
7421	2
7422	5
7423	3
7424	3
7425	4
7426	0
7427	4
7428	2
7429	4
7430	3
7431	2
7432	3
7433	3
7434	4
7435	1
7436	2
7437	3
7438	3
7439	4
7440	1
7441	2
7442	4
7443	5
7444	4
7445	4
7446	2
7447	3
7448	3
7449	5
7450	2
7451	5
7452	3
7453	2
7454	1
7455	3
7456	3
7457	0
7458	7
7459	4
7460	3
7461	3
7462	1
7463	2
7464	2
7465	3
7466	5
7467	7
7468	1
7469	2
7470	1
7471	1
7472	0
7473	3
7474	7
7475	1
7476	4
7477	1
7478	3
7479	0
7480	2
7481	1
7482	3
7483	1
7484	5
7485	4
7486	1
7487	3
7488	4
7489	5
7490	2
7491	5
7492	2
7493	1
7494	1
7495	2
7496	2
7497	3
7498	5
7499	4
7500	2
7501	9
7502	5
7503	4
7504	6
7505	1
7506	2
7507	5
7508	5
7509	1
7510	6
7511	1
7512	2
7513	5
7514	2
7515	1
7516	3
7517	3
7518	4
7519	2
7520	1
7521	3
7522	1
7523	5
7524	1
7525	1
7526	4
7527	5
7528	1
7529	3
7530	2
7531	2
7532	3
7533	2
7534	1
7535	2
7536	2
7537	5
7538	5
7539	5
7540	7
7541	2
7542	4
7543	2
7544	3
7545	4
7546	4
7547	3
7548	1
7549	4
7550	4
7551	4
7552	2
7553	3
7554	2
7555	3
7556	2
7557	4
7558	2
7559	2
7560	3
7561	5
7562	7
7563	1
7564	5
7565	5
7566	9
7567	1
7568	3
7569	2
7570	7
7571	4
7572	0
7573	3
7574	2
7575	2
7576	3
7577	4
7578	2
7579	5
7580	2
7581	3
7582	4
7583	3
7584	1
7585	4
7586	4
7587	5
7588	1
7589	3
7590	1
7591	8
7592	1
7593	1
7594	0
7595	1
7596	6
7597	2
7598	4
7599	2
7600	2
7601	3
7602	5
7603	3
7604	3
7605	1
7606	3
7607	3
7608	3
7609	0
7610	5
7611	4
7612	2
7613	3
7614	3
7615	2
7616	2
7617	3
7618	2
7619	4
7620	3
7621	2
7622	1
7623	1
7624	1
7625	1
7626	5
7627	3
7628	5
7629	2
7630	2
7631	3
7632	3
7633	2
7634	2
7635	6
7636	5
7637	3
7638	2
7639	8
7640	1
7641	3
7642	2
7643	0
7644	2
7645	1
7646	6
7647	4
7648	2
7649	5
7650	6
7651	2
7652	2
7653	4
7654	3
7655	0
7656	2
7657	3
7658	3
7659	1
7660	4
7661	4
7662	3
7663	3
7664	3
7665	4
7666	4
7667	3
7668	2
7669	6
7670	4
7671	2
7672	1
7673	1
7674	3
7675	3
7676	3
7677	3
7678	3
7679	3
7680	1
7681	5
7682	2
7683	4
7684	6
7685	4
7686	6
7687	1
7688	4
7689	4
7690	4
7691	3
7692	4
7693	1
7694	1
7695	3
7696	3
7697	3
7698	3
7699	2
7700	5
7701	2
7702	2
7703	1
7704	4
7705	3
7706	0
7707	3
7708	5
7709	5
7710	3
7711	4
7712	5
7713	5
7714	2
7715	3
7716	0
7717	6
7718	4
7719	3
7720	6
7721	6
7722	1
7723	5
7724	4
7725	3
7726	3
7727	5
7728	0
7729	1
7730	1
7731	6
7732	2
7733	1
7734	2
7735	6
7736	1
7737	2
7738	1
7739	3
7740	4
7741	3
7742	7
7743	1
7744	3
7745	8
7746	2
7747	4
7748	0
7749	4
7750	1
7751	2
7752	2
7753	3
7754	1
7755	1
7756	8
7757	0
7758	4
7759	5
7760	2
7761	3
7762	3
7763	4
7764	3
7765	4
7766	1
7767	4
7768	3
7769	2
7770	4
7771	7
7772	2
7773	3
7774	11
7775	2
7776	6
7777	2
7778	4
7779	5
7780	2
7781	4
7782	2
7783	5
7784	2
7785	3
7786	3
7787	3
7788	1
7789	3
7790	2
7791	1
7792	1
7793	6
7794	4
7795	2
7796	2
7797	1
7798	3
7799	4
7800	1
7801	1
7802	2
7803	3
7804	4
7805	1
7806	4
7807	1
7808	2
7809	5
7810	8
7811	5
7812	4
7813	3
7814	2
7815	2
7816	5
7817	2
7818	0
7819	5
7820	5
7821	4
7822	4
7823	4
7824	2
7825	1
7826	1
7827	4
7828	7
7829	7
7830	2
7831	2
7832	3
7833	1
7834	3
7835	2
7836	5
7837	1
7838	1
7839	2
7840	2
7841	2
7842	3
7843	3
7844	6
7845	8
7846	4
7847	6
7848	6
7849	3
7850	5
7851	4
7852	1
7853	6
7854	5
7855	3
7856	4
7857	2
7858	1
7859	3
7860	3
7861	4
7862	4
7863	5
7864	2
7865	3
7866	2
7867	2
7868	4
7869	4
7870	2
7871	2
7872	1
7873	3
7874	3
7875	5
7876	1
7877	2
7878	4
7879	2
7880	4
7881	4
7882	3
7883	4
7884	3
7885	5
7886	2
7887	8
7888	6
7889	2
7890	3
7891	5
7892	5
7893	2
7894	1
7895	4
7896	5
7897	2
7898	6
7899	4
7900	5
7901	0
7902	5
7903	4
7904	6
7905	7
7906	3
7907	2
7908	1
7909	3
7910	1
7911	4
7912	4
7913	3
7914	5
7915	4
7916	1
7917	7
7918	4
7919	5
7920	7
7921	0
7922	2
7923	2
7924	1
7925	1
7926	3
7927	1
7928	1
7929	4
7930	1
7931	1
7932	8
7933	3
7934	4
7935	6
7936	5
