0	2
1	1
2	0
3	1
4	0
5	1
6	0
7	1
8	0
9	1
10	0
11	0
12	0
13	4
14	0
15	2
16	1
17	1
18	0
19	3
20	1
21	0
22	1
23	2
24	0
25	2
26	0
27	4
28	3
29	0
30	1
31	2
32	3
33	2
34	0
35	1
36	1
37	1
38	0
39	0
40	2
41	3
42	0
43	3
44	1
45	1
46	1
47	1
48	1
49	1
50	3
51	2
52	4
53	2
54	1
55	3
56	2
57	1
58	3
59	6
60	3
61	3
62	0
63	0
64	1
65	5
66	1
67	2
68	1
69	1
70	2
71	2
72	1
73	2
74	1
75	2
76	0
77	2
78	1
79	1
80	3
81	1
82	1
83	4
84	1
85	1
86	2
87	4
88	1
89	0
90	0
91	0
92	1
93	1
94	1
95	0
96	1
97	2
98	3
99	3
100	6
101	4
102	5
103	6
104	6
105	4
106	1
107	1
108	2
109	2
110	2
111	1
112	2
113	3
114	2
115	2
116	2
117	1
118	1
119	1
120	5
121	3
122	2
123	0
124	1
125	3
126	4
127	3
128	4
129	3
130	0
131	2
132	2
133	0
134	4
135	3
136	7
137	1
138	5
139	3
140	2
141	3
142	4
143	4
144	7
145	4
146	6
147	5
148	3
149	5
150	6
151	6
152	3
153	2
154	4
155	2
156	8
157	0
158	4
159	6
160	3
161	5
162	4
163	3
164	1
165	2
166	2
167	8
168	4
169	7
170	6
171	3
172	5
173	4
174	11
175	7
176	12
177	4
178	5
179	4
180	3
181	8
182	8
183	4
184	6
185	7
186	3
187	2
188	7
189	3
190	3
191	2
192	1
193	2
194	4
195	3
196	3
197	3
198	4
199	2
200	2
201	5
202	2
203	3
204	3
205	4
206	5
207	6
208	1
209	4
210	2
211	4
212	2
213	5
214	5
215	6
216	5
217	5
218	2
219	5
220	3
221	7
222	0
223	4
224	1
225	2
226	3
227	4
228	3
229	3
230	2
231	1
232	5
233	1
234	5
235	2
236	5
237	5
238	6
239	6
240	4
241	5
242	7
243	3
244	3
245	4
246	4
247	3
248	6
249	8
250	5
251	5
252	3
253	5
254	3
255	6
256	4
257	7
258	9
259	6
260	4
261	4
262	6
263	6
264	7
265	11
266	6
267	6
268	9
269	9
270	9
271	8
272	5
273	9
274	9
275	7
276	6
277	4
278	4
279	12
280	6
281	13
282	13
283	15
284	15
285	10
286	13
287	18
288	18
289	16
290	15
291	11
292	13
293	10
294	16
295	16
296	10
297	11
298	8
299	8
300	11
301	6
302	10
303	11
304	5
305	12
306	12
307	7
308	9
309	10
310	10
311	8
312	14
313	10
314	14
315	12
316	17
317	13
318	9
319	11
320	13
321	10
322	11
323	8
324	13
325	12
326	10
327	16
328	11
329	11
330	18
331	16
332	13
333	13
334	15
335	15
336	19
337	13
338	12
339	6
340	13
341	9
342	5
343	9
344	9
345	6
346	7
347	5
348	8
349	7
350	9
351	3
352	6
353	8
354	3
355	2
356	14
357	5
358	7
359	10
360	8
361	6
362	6
363	4
364	11
365	11
366	5
367	8
368	4
369	12
370	14
371	12
372	12
373	10
374	21
375	15
376	10
377	20
378	11
379	17
380	14
381	9
382	15
383	11
384	11
385	18
386	22
387	8
388	15
389	15
390	20
391	14
392	17
393	19
394	19
395	14
396	15
397	11
398	13
399	17
400	16
401	16
402	20
403	14
404	23
405	13
406	20
407	18
408	16
409	12
410	21
411	20
412	29
413	12
414	25
415	25
416	26
417	21
418	28
419	25
420	30
421	20
422	38
423	27
424	34
425	38
426	36
427	32
428	30
429	23
430	35
431	32
432	31
433	26
434	39
435	28
436	28
437	28
438	24
439	32
440	41
441	28
442	31
443	22
444	29
445	19
446	21
447	19
448	23
449	23
450	20
451	18
452	17
453	10
454	18
455	10
456	21
457	13
458	12
459	11
460	6
461	10
462	7
463	8
464	4
465	9
466	6
467	7
468	9
469	4
470	5
471	12
472	11
473	4
474	10
475	15
476	15
477	19
478	9
479	18
480	12
481	15
482	13
483	25
484	17
485	20
486	26
487	14
488	21
489	13
490	10
491	20
492	22
493	19
494	14
495	18
496	23
497	20
498	24
499	19
500	20
501	20
502	14
503	23
504	24
505	23
506	22
507	16
508	21
509	24
510	25
511	26
512	26
513	27
514	18
515	27
516	30
517	28
518	30
519	25
520	34
521	27
522	22
523	27
524	25
525	37
526	29
527	40
528	42
529	50
530	37
531	38
532	56
533	35
534	45
535	48
536	51
537	53
538	38
539	37
540	58
541	53
542	46
543	51
544	33
545	42
546	43
547	37
548	36
549	41
550	30
551	33
552	44
553	38
554	34
555	33
556	27
557	34
558	18
559	27
560	18
561	26
562	21
563	15
564	15
565	17
566	17
567	8
568	11
569	19
570	16
571	12
572	9
573	12
574	11
575	14
576	8
577	17
578	13
579	10
580	8
581	11
582	15
583	16
584	11
585	14
586	14
587	22
588	21
589	17
590	15
591	17
592	19
593	18
594	17
595	26
596	18
597	16
598	30
599	16
600	9
601	18
602	22
603	18
604	15
605	23
606	23
607	25
608	16
609	23
610	26
611	24
612	22
613	29
614	36
615	23
616	36
617	50
618	35
619	32
620	26
621	30
622	30
623	32
624	30
625	38
626	34
627	53
628	44
629	33
630	43
631	48
632	51
633	42
634	44
635	47
636	46
637	57
638	50
639	51
640	56
641	51
642	56
643	48
644	57
645	54
646	44
647	67
648	57
649	60
650	54
651	50
652	44
653	54
654	52
655	54
656	33
657	67
658	47
659	41
660	43
661	31
662	26
663	35
664	30
665	33
666	27
667	36
668	29
669	31
670	18
671	19
672	26
673	18
674	20
675	17
676	21
677	14
678	11
679	12
680	18
681	12
682	15
683	12
684	12
685	13
686	8
687	8
688	11
689	11
690	13
691	14
692	7
693	22
694	14
695	16
696	8
697	19
698	15
699	17
700	13
701	10
702	20
703	13
704	16
705	17
706	17
707	12
708	24
709	17
710	15
711	21
712	26
713	21
714	32
715	18
716	31
717	22
718	31
719	32
720	19
721	24
722	25
723	26
724	25
725	30
726	39
727	36
728	29
729	31
730	45
731	49
732	38
733	37
734	42
735	45
736	47
737	51
738	45
739	38
740	47
741	56
742	60
743	60
744	67
745	63
746	55
747	53
748	59
749	57
750	62
751	73
752	52
753	56
754	64
755	71
756	55
757	61
758	58
759	68
760	47
761	40
762	55
763	61
764	61
765	52
766	49
767	34
768	48
769	34
770	47
771	42
772	42
773	31
774	29
775	28
776	21
777	31
778	24
779	20
780	16
781	19
782	29
783	13
784	14
785	14
786	17
787	6
788	12
789	20
790	8
791	10
792	5
793	19
794	9
795	12
796	13
797	7
798	8
799	17
800	15
801	13
802	9
803	12
804	9
805	10
806	12
807	16
808	12
809	12
810	14
811	15
812	15
813	15
814	11
815	16
816	17
817	17
818	18
819	12
820	10
821	16
822	21
823	28
824	12
825	20
826	23
827	24
828	27
829	26
830	25
831	31
832	31
833	28
834	35
835	33
836	33
837	31
838	37
839	36
840	33
841	48
842	43
843	51
844	32
845	37
846	43
847	43
848	52
849	50
850	50
851	45
852	57
853	56
854	44
855	54
856	57
857	38
858	45
859	50
860	58
861	54
862	38
863	50
864	52
865	46
866	50
867	57
868	45
869	48
870	58
871	44
872	57
873	35
874	44
875	44
876	37
877	39
878	28
879	43
880	28
881	31
882	34
883	35
884	32
885	24
886	31
887	16
888	25
889	22
890	16
891	13
892	19
893	17
894	24
895	14
896	10
897	15
898	19
899	8
900	12
901	15
902	9
903	6
904	19
905	12
906	12
907	9
908	7
909	6
910	10
911	12
912	6
913	12
914	10
915	13
916	8
917	10
918	12
919	13
920	11
921	15
922	13
923	12
924	9
925	12
926	13
927	10
928	19
929	16
930	17
931	6
932	18
933	19
934	13
935	24
936	20
937	16
938	16
939	22
940	19
941	21
942	33
943	23
944	24
945	29
946	23
947	30
948	25
949	31
950	27
951	26
952	24
953	39
954	42
955	32
956	31
957	31
958	41
959	54
960	34
961	43
962	33
963	43
964	45
965	39
966	54
967	44
968	42
969	46
970	39
971	42
972	47
973	53
974	48
975	40
976	31
977	49
978	38
979	36
980	34
981	35
982	42
983	36
984	45
985	35
986	33
987	23
988	25
989	23
990	22
991	24
992	23
993	21
994	17
995	13
996	19
997	19
998	19
999	21
1000	19
1001	19
1002	7
1003	19
1004	10
1005	10
1006	8
1007	17
1008	12
1009	8
1010	8
1011	5
1012	13
1013	14
1014	2
1015	4
1016	4
1017	7
1018	5
1019	9
1020	6
1021	2
1022	6
1023	8
1024	7
1025	8
1026	8
1027	6
1028	7
1029	13
1030	8
1031	7
1032	16
1033	5
1034	7
1035	12
1036	7
1037	13
1038	8
1039	12
1040	6
1041	18
1042	13
1043	14
1044	10
1045	10
1046	11
1047	17
1048	18
1049	17
1050	18
1051	18
1052	18
1053	18
1054	16
1055	15
1056	26
1057	19
1058	18
1059	20
1060	16
1061	30
1062	27
1063	17
1064	31
1065	23
1066	19
1067	20
1068	29
1069	26
1070	21
1071	29
1072	30
1073	27
1074	32
1075	16
1076	30
1077	23
1078	25
1079	33
1080	27
1081	32
1082	24
1083	32
1084	32
1085	27
1086	21
1087	29
1088	29
1089	36
1090	20
1091	28
1092	28
1093	29
1094	24
1095	25
1096	27
1097	17
1098	18
1099	18
1100	10
1101	18
1102	23
1103	14
1104	13
1105	13
1106	16
1107	9
1108	10
1109	8
1110	7
1111	10
1112	8
1113	11
1114	8
1115	4
1116	8
1117	10
1118	5
1119	6
1120	7
1121	10
1122	4
1123	10
1124	5
1125	4
1126	7
1127	8
1128	4
1129	5
1130	4
1131	6
1132	5
1133	6
1134	4
1135	2
1136	5
1137	8
1138	8
1139	4
1140	15
1141	7
1142	6
1143	5
1144	4
1145	3
1146	6
1147	9
1148	10
1149	9
1150	6
1151	10
1152	17
1153	11
1154	12
1155	12
1156	10
1157	10
1158	15
1159	10
1160	9
1161	8
1162	8
1163	6
1164	11
1165	9
1166	15
1167	16
1168	15
1169	16
1170	13
1171	16
1172	14
1173	22
1174	12
1175	14
1176	11
1177	15
1178	12
1179	14
1180	17
1181	19
1182	13
1183	22
1184	20
1185	13
1186	22
1187	23
1188	16
1189	17
1190	17
1191	17
1192	9
1193	14
1194	21
1195	22
1196	19
1197	16
1198	15
1199	16
1200	14
1201	11
1202	22
1203	6
1204	19
1205	10
1206	19
1207	10
1208	13
1209	11
1210	14
1211	14
1212	17
1213	11
1214	7
1215	7
1216	8
1217	5
1218	5
1219	9
1220	4
1221	8
1222	12
1223	4
1224	6
1225	12
1226	8
1227	2
1228	6
1229	6
1230	7
1231	5
1232	3
1233	1
1234	3
1235	2
1236	1
1237	6
1238	6
1239	5
1240	4
1241	6
1242	4
1243	4
1244	6
1245	2
1246	5
1247	4
1248	2
1249	4
1250	4
1251	5
1252	4
1253	5
1254	5
1255	5
1256	4
1257	5
1258	8
1259	5
1260	5
1261	6
1262	3
1263	6
1264	5
1265	7
1266	4
1267	6
1268	7
1269	8
1270	9
1271	5
1272	13
1273	12
1274	9
1275	14
1276	11
1277	7
1278	9
1279	8
1280	7
1281	9
1282	9
1283	15
1284	7
1285	6
1286	11
1287	12
1288	16
1289	10
1290	7
1291	21
1292	9
1293	9
1294	11
1295	6
1296	9
1297	9
1298	9
1299	9
1300	10
1301	14
1302	11
1303	8
1304	13
1305	7
1306	13
1307	6
1308	12
1309	9
1310	8
1311	4
1312	8
1313	3
1314	9
1315	7
1316	4
1317	8
1318	2
1319	9
1320	5
1321	7
1322	6
1323	8
1324	3
1325	3
1326	4
1327	11
1328	3
1329	6
1330	2
1331	9
1332	8
1333	4
1334	3
1335	1
1336	6
1337	7
1338	2
1339	2
1340	5
1341	2
1342	2
1343	2
1344	2
1345	3
1346	2
1347	0
1348	3
1349	3
1350	3
1351	3
1352	0
1353	4
1354	3
1355	0
1356	4
1357	1
1358	3
1359	1
1360	2
1361	7
1362	5
1363	1
1364	2
1365	5
1366	3
1367	3
1368	1
1369	3
1370	2
1371	2
1372	3
1373	6
1374	4
1375	3
1376	4
1377	6
1378	3
1379	3
1380	4
1381	6
1382	6
1383	3
1384	6
1385	6
1386	1
1387	7
1388	6
1389	4
1390	5
1391	6
1392	3
1393	6
1394	9
1395	14
1396	9
1397	10
1398	7
1399	8
1400	7
1401	4
1402	4
1403	4
1404	7
1405	10
1406	10
1407	3
1408	8
1409	5
1410	5
1411	6
1412	5
1413	4
1414	2
1415	6
1416	6
1417	5
1418	4
1419	4
1420	4
1421	0
1422	4
1423	5
1424	4
1425	4
1426	2
1427	7
1428	2
1429	4
1430	5
1431	6
1432	3
1433	3
1434	0
1435	4
1436	1
1437	1
1438	2
1439	6
1440	2
1441	3
1442	1
1443	1
1444	2
1445	2
1446	4
1447	2
1448	0
1449	0
1450	2
1451	6
1452	4
1453	3
1454	3
1455	2
1456	3
1457	1
1458	2
1459	3
1460	1
1461	2
1462	0
1463	1
1464	3
1465	3
1466	3
1467	0
1468	1
1469	4
1470	1
1471	1
1472	1
1473	0
1474	1
1475	2
1476	1
1477	1
1478	0
1479	0
1480	0
1481	4
1482	1
1483	2
1484	3
1485	1
1486	3
1487	3
1488	3
1489	1
1490	1
1491	3
1492	0
1493	5
1494	0
1495	5
1496	5
1497	1
1498	5
1499	1
1500	3
1501	4
1502	2
1503	3
1504	0
1505	2
1506	1
1507	1
1508	5
1509	3
1510	4
1511	3
1512	4
1513	6
1514	4
1515	3
1516	3
1517	2
1518	3
1519	7
1520	0
1521	2
1522	0
1523	1
1524	3
1525	3
1526	2
1527	2
1528	5
1529	1
1530	3
1531	3
1532	1
1533	3
1534	2
1535	4
1536	6
1537	3
1538	3
1539	5
1540	0
1541	3
1542	2
1543	1
1544	0
1545	0
1546	1
1547	1
1548	2
1549	2
1550	4
1551	0
1552	0
1553	0
1554	0
1555	1
1556	1
1557	0
1558	2
1559	2
1560	1
1561	2
1562	2
1563	4
1564	1
1565	1
1566	1
1567	3
1568	0
1569	0
1570	0
1571	0
1572	0
1573	0
1574	1
1575	1
1576	0
1577	0
1578	0
1579	1
1580	0
1581	1
1582	1
1583	0
1584	0
1585	0
1586	0
1587	0
1588	0
1589	0
1590	0
1591	2
1592	0
1593	1
1594	1
1595	1
1596	2
1597	2
1598	0
1599	2
1600	0
1601	2
1602	1
1603	0
1604	2
1605	1
1606	0
1607	0
1608	1
1609	1
1610	2
1611	0
1612	0
1613	1
1614	0
1615	1
1616	1
1617	2
1618	0
1619	1
1620	0
1621	3
1622	1
1623	1
1624	2
1625	2
1626	0
1627	2
1628	2
1629	2
1630	0
1631	1
1632	0
1633	2
1634	5
1635	2
1636	2
1637	3
1638	1
1639	3
1640	1
1641	1
1642	0
1643	3
1644	0
1645	1
1646	2
1647	2
1648	1
1649	1
1650	2
1651	2
1652	1
1653	0
1654	0
1655	0
1656	0
1657	0
1658	1
1659	0
1660	0
1661	2
1662	1
1663	2
1664	1
1665	0
1666	0
1667	0
1668	1
1669	1
1670	1
1671	0
1672	0
1673	0
1674	0
1675	1
1676	0
1677	0
1678	1
1679	0
1680	1
1681	0
1682	0
1683	2
1684	0
1685	0
1686	0
1687	0
1688	0
1689	0
1690	0
1691	0
1692	0
1693	0
1694	0
1695	1
1696	0
1697	0
1698	0
1699	0
1700	1
1701	0
1702	0
1703	1
1704	0
1705	1
1706	0
1707	0
1708	0
1709	0
1710	0
1711	0
1712	0
1713	1
1714	1
1715	1
1716	0
1717	0
1718	0
1719	0
1720	0
1721	0
1722	0
1723	0
1724	0
1725	0
1726	0
1727	1
1728	0
1729	0
1730	0
1731	0
1732	0
1733	0
1734	1
1735	0
1736	2
1737	1
1738	1
1739	0
1740	0
1741	0
1742	0
1743	0
1744	0
1745	0
1746	0
1747	0
1748	1
1749	0
1750	1
1751	1
1752	0
1753	1
1754	0
1755	1
1756	0
1757	1
1758	1
1759	1
1760	1
1761	0
1762	0
1763	0
1764	1
1765	1
1766	0
1767	0
1768	1
1769	0
1770	0
1771	0
1772	0
1773	0
1774	1
1775	0
1776	1
1777	0
1778	0
1779	0
1780	0
1781	1
1782	0
1783	0
1784	0
1785	1
1786	0
1787	0
1788	1
1789	0
1790	2
1791	0
1792	0
1793	0
1794	0
1795	0
1796	0
1797	1
1798	0
1799	0
1800	0
1801	0
1802	0
1803	0
1804	0
1805	0
1806	0
1807	0
1808	0
1809	0
1810	0
1811	0
1812	0
1813	0
1814	0
1815	0
1816	0
1817	0
1818	2
1819	0
1820	0
1821	0
1822	0
1823	1
1824	0
1825	0
1826	0
1827	0
1828	0
1829	0
1830	0
1831	0
1832	0
1833	0
1834	0
1835	0
1836	0
1837	0
1838	0
1839	0
1840	0
1841	0
1842	1
1843	0
1844	0
1845	0
1846	0
1847	0
1848	0
1849	0
1850	0
1851	0
1852	0
1853	0
1854	0
1855	0
1856	0
1857	1
1858	0
1859	0
1860	0
1861	0
1862	0
1863	1
1864	0
1865	0
1866	1
1867	0
1868	1
1869	0
1870	0
1871	0
1872	0
1873	0
1874	0
1875	0
1876	0
1877	0
1878	0
1879	0
1880	0
1881	0
1882	0
1883	0
1884	1
1885	0
1886	1
1887	0
1888	0
1889	0
1890	0
1891	0
1892	0
1893	0
1894	1
1895	0
1896	0
1897	0
1898	0
1899	0
1900	1
1901	0
1902	0
1903	0
1904	0
1905	0
1906	0
1907	0
1908	1
1909	1
1910	0
1911	0
1912	0
1913	0
1914	0
1915	1
1916	0
1917	0
1918	0
1919	0
1920	0
1921	0
1922	0
1923	0
1924	0
1925	0
1926	0
1927	0
1928	0
1929	0
1930	0
1931	0
1932	0
1933	0
1934	0
1935	0
1936	0
1937	0
1938	0
1939	1
1940	0
1941	0
1942	0
1943	0
1944	0
1945	0
1946	0
1947	0
1948	0
1949	0
1950	0
1951	0
1952	0
1953	0
1954	0
1955	0
1956	0
1957	0
1958	0
1959	0
1960	0
1961	0
1962	0
1963	0
1964	0
1965	0
1966	0
1967	0
1968	0
1969	0
1970	0
1971	0
1972	0
1973	0
1974	0
1975	0
1976	0
1977	1
1978	0
1979	0
1980	0
1981	0
1982	0
1983	0
1984	0
1985	0
1986	0
1987	0
1988	0
1989	0
1990	1
1991	0
1992	0
1993	0
1994	0
1995	0
1996	0
1997	0
1998	0
1999	0
2000	0
2001	0
2002	0
2003	0
2004	0
2005	0
2006	0
2007	0
2008	1
2009	0
2010	0
2011	0
2012	0
2013	0
2014	0
2015	1
2016	0
2017	0
2018	0
2019	1
2020	0
2021	0
2022	0
2023	0
2024	0
2025	0
2026	0
2027	0
2028	0
2029	0
2030	0
2031	0
2032	0
2033	0
2034	0
2035	0
2036	0
2037	0
2038	0
2039	0
2040	0
2041	0
2042	0
2043	0
2044	0
2045	0
2046	0
2047	0
2048	0
2049	0
2050	0
2051	0
2052	0
2053	0
2054	0
2055	0
2056	0
2057	0
2058	0
2059	0
2060	0
2061	0
2062	0
2063	0
2064	0
2065	0
2066	0
2067	0
2068	0
2069	0
2070	0
2071	0
2072	0
2073	0
2074	0
2075	0
2076	0
2077	0
2078	0
2079	0
2080	0
2081	0
2082	0
2083	0
2084	0
2085	0
2086	0
2087	0
2088	0
2089	0
2090	0
2091	0
2092	0
2093	0
2094	0
2095	0
2096	0
2097	0
2098	0
2099	0
2100	0
2101	0
2102	0
2103	0
2104	0
2105	0
2106	0
2107	0
2108	0
2109	0
2110	0
2111	0
2112	0
2113	0
2114	0
2115	0
2116	0
2117	0
2118	0
2119	0
2120	0
2121	0
2122	0
2123	0
2124	0
2125	0
2126	0
2127	0
2128	0
2129	0
2130	0
2131	0
2132	0
2133	0
2134	0
2135	0
2136	0
2137	0
2138	0
2139	0
2140	0
2141	0
2142	0
2143	0
2144	0
2145	0
2146	0
2147	0
2148	0
2149	0
2150	0
2151	0
2152	0
2153	0
2154	0
2155	0
2156	0
2157	0
2158	0
2159	0
2160	0
2161	0
2162	0
2163	0
2164	0
2165	0
2166	0
2167	0
2168	0
2169	0
2170	0
2171	0
2172	0
2173	0
2174	0
2175	0
2176	0
2177	0
2178	0
2179	0
2180	0
2181	0
2182	0
2183	0
2184	0
2185	0
2186	0
2187	0
2188	0
2189	0
2190	0
2191	0
2192	0
2193	0
2194	0
2195	0
2196	0
2197	0
2198	0
2199	0
2200	0
2201	1
2202	0
2203	0
2204	0
2205	0
2206	0
2207	0
2208	0
2209	0
2210	0
2211	0
2212	0
2213	0
2214	0
2215	0
2216	0
2217	0
2218	0
2219	0
2220	0
2221	0
2222	0
2223	0
2224	0
2225	0
2226	0
2227	0
2228	0
2229	0
2230	0
2231	0
2232	0
2233	0
2234	0
2235	0
2236	0
2237	0
2238	0
2239	0
2240	0
2241	0
2242	0
2243	0
2244	0
2245	0
2246	0
2247	0
2248	0
2249	0
2250	0
2251	0
2252	0
2253	0
2254	0
2255	0
2256	0
2257	0
2258	0
2259	0
2260	0
2261	0
2262	0
2263	0
2264	0
2265	0
2266	0
2267	0
2268	0
2269	0
2270	0
2271	0
2272	0
2273	0
2274	0
2275	1
2276	0
2277	0
2278	0
2279	0
2280	0
2281	0
2282	0
2283	0
2284	0
2285	0
2286	0
2287	0
2288	0
2289	0
2290	0
2291	0
2292	0
2293	0
2294	0
2295	0
2296	0
2297	0
2298	0
2299	0
2300	0
2301	0
2302	0
2303	0
2304	0
2305	0
2306	0
2307	0
2308	0
2309	0
2310	0
2311	0
2312	0
2313	0
2314	0
2315	0
2316	0
2317	0
2318	0
2319	0
2320	0
2321	0
2322	0
2323	0
2324	0
2325	0
2326	0
2327	0
2328	0
2329	0
2330	0
2331	0
2332	0
2333	0
2334	0
2335	0
2336	0
2337	0
2338	0
2339	0
2340	0
2341	0
2342	0
2343	0
2344	0
2345	0
2346	0
2347	0
2348	0
2349	0
2350	0
2351	0
2352	0
2353	0
2354	0
2355	0
2356	0
2357	0
2358	0
2359	0
2360	0
2361	0
2362	0
2363	0
2364	0
2365	0
2366	0
2367	0
2368	0
2369	0
2370	0
2371	0
2372	0
2373	0
2374	0
2375	0
2376	0
2377	0
2378	0
2379	0
2380	0
2381	0
2382	0
2383	0
2384	0
2385	0
2386	0
2387	0
2388	0
2389	0
2390	0
2391	0
2392	0
2393	0
2394	0
2395	0
2396	0
2397	0
2398	0
2399	0
2400	0
2401	0
2402	0
2403	0
2404	0
2405	0
2406	0
2407	0
2408	0
2409	0
2410	0
2411	0
2412	0
2413	0
2414	0
2415	0
2416	0
2417	0
2418	0
2419	0
2420	0
2421	0
2422	0
2423	0
2424	0
2425	0
2426	0
2427	0
2428	0
2429	0
2430	0
2431	0
2432	0
2433	0
2434	0
2435	0
2436	0
2437	0
2438	0
2439	0
2440	0
2441	0
2442	0
2443	0
2444	0
2445	0
2446	0
2447	0
2448	0
2449	0
2450	0
2451	0
2452	0
2453	0
2454	0
2455	0
2456	0
2457	0
2458	0
2459	0
2460	0
2461	0
2462	0
2463	0
2464	0
2465	0
2466	0
2467	0
2468	0
2469	0
2470	0
2471	0
2472	0
2473	0
2474	0
2475	0
2476	0
2477	0
2478	0
2479	0
2480	0
2481	0
2482	0
2483	0
2484	0
2485	0
2486	0
2487	0
2488	0
2489	0
2490	0
2491	0
2492	0
2493	0
2494	0
2495	0
2496	0
2497	0
2498	0
2499	0
2500	0
2501	0
2502	0
2503	0
2504	0
2505	0
2506	0
2507	0
2508	1
2509	0
2510	0
2511	0
2512	0
2513	0
2514	0
2515	0
2516	0
2517	0
2518	0
2519	0
2520	0
2521	0
2522	0
2523	0
2524	0
2525	0
2526	0
2527	0
2528	0
2529	0
2530	0
2531	0
2532	0
2533	0
2534	0
2535	0
2536	0
2537	0
2538	0
2539	0
2540	0
2541	0
2542	0
2543	0
2544	0
2545	0
2546	0
2547	0
2548	0
2549	0
2550	0
2551	0
2552	0
2553	0
2554	0
2555	0
2556	0
2557	0
2558	0
2559	0
2560	0
2561	0
2562	0
2563	0
2564	0
2565	0
2566	0
2567	0
2568	0
2569	0
2570	0
2571	0
2572	0
2573	0
2574	0
2575	0
2576	0
2577	0
2578	0
2579	0
2580	0
2581	0
2582	0
2583	0
2584	0
2585	0
2586	0
2587	0
2588	0
2589	0
2590	0
2591	0
2592	0
2593	0
2594	0
2595	0
2596	0
2597	0
2598	0
2599	0
2600	0
2601	0
2602	0
2603	0
2604	0
2605	0
2606	0
2607	0
2608	0
2609	0
2610	0
2611	0
2612	0
2613	0
2614	0
2615	0
2616	0
2617	0
2618	0
2619	0
2620	0
2621	0
2622	0
2623	0
2624	0
2625	0
2626	0
2627	0
2628	0
2629	0
2630	0
2631	0
2632	0
2633	0
2634	0
2635	0
2636	0
2637	0
2638	0
2639	0
2640	0
2641	0
2642	0
2643	0
2644	0
2645	0
2646	0
2647	0
2648	0
2649	0
2650	0
2651	0
2652	0
2653	0
2654	0
2655	0
2656	0
2657	0
2658	0
2659	0
2660	0
2661	0
2662	0
2663	0
2664	0
2665	0
2666	0
2667	0
2668	0
2669	0
2670	0
2671	0
2672	0
2673	0
2674	0
2675	0
2676	0
2677	0
2678	0
2679	0
2680	0
2681	0
2682	0
2683	0
2684	0
2685	0
2686	0
2687	0
2688	0
2689	0
2690	0
2691	0
2692	0
2693	0
2694	0
2695	0
2696	0
2697	0
2698	0
2699	0
2700	0
2701	0
2702	0
2703	0
2704	0
2705	0
2706	0
2707	0
2708	0
2709	0
2710	0
2711	0
2712	0
2713	0
2714	0
2715	0
2716	0
2717	0
2718	0
2719	0
2720	0
2721	0
2722	0
2723	0
2724	0
2725	0
2726	0
2727	0
2728	0
2729	0
2730	0
2731	0
2732	0
2733	0
2734	0
2735	0
2736	0
2737	0
2738	0
2739	0
2740	0
2741	0
2742	0
2743	0
2744	0
2745	0
2746	0
2747	0
2748	0
2749	0
2750	0
2751	0
2752	0
2753	0
2754	0
2755	0
2756	0
2757	0
2758	0
2759	0
2760	0
2761	0
2762	0
2763	0
2764	0
2765	0
2766	0
2767	0
2768	0
2769	0
2770	0
2771	0
2772	0
2773	0
2774	0
2775	0
2776	0
2777	0
2778	0
2779	0
2780	0
2781	0
2782	0
2783	0
2784	0
2785	0
2786	0
2787	0
2788	0
2789	0
2790	0
2791	0
2792	0
2793	0
2794	0
2795	0
2796	0
2797	0
2798	0
2799	0
2800	0
2801	0
2802	0
2803	0
2804	0
2805	0
2806	0
2807	0
2808	0
2809	0
2810	0
2811	0
2812	0
2813	0
2814	0
2815	0
2816	0
2817	0
2818	0
2819	0
2820	0
2821	0
2822	0
2823	0
2824	0
2825	0
2826	0
2827	0
2828	0
2829	0
2830	0
2831	0
2832	0
2833	0
2834	0
2835	0
2836	0
2837	0
2838	0
2839	0
2840	0
2841	0
2842	0
2843	0
2844	0
2845	0
2846	0
2847	0
2848	0
2849	0
2850	0
2851	0
2852	0
2853	0
2854	0
2855	0
2856	0
2857	0
2858	0
2859	0
2860	0
2861	0
2862	0
2863	0
2864	0
2865	0
2866	0
2867	0
2868	0
2869	0
2870	0
2871	0
2872	0
2873	0
2874	0
2875	0
2876	0
2877	0
2878	0
2879	0
2880	0
2881	0
2882	0
2883	0
2884	0
2885	0
2886	0
2887	0
2888	0
2889	0
2890	0
2891	0
2892	0
2893	0
2894	0
2895	0
2896	0
2897	0
2898	0
2899	0
2900	0
2901	0
2902	0
2903	0
2904	0
2905	0
2906	0
2907	0
2908	0
2909	0
2910	0
2911	0
2912	0
2913	0
2914	0
2915	0
2916	0
2917	0
2918	0
2919	0
2920	0
2921	0
2922	0
2923	0
2924	0
2925	0
2926	0
2927	0
2928	0
2929	0
2930	0
2931	0
2932	0
2933	0
2934	0
2935	0
2936	0
2937	0
2938	0
2939	0
2940	0
2941	0
2942	0
2943	0
2944	0
2945	0
2946	0
2947	0
2948	0
2949	0
2950	0
2951	0
2952	0
2953	0
2954	0
2955	0
2956	0
2957	0
2958	0
2959	0
2960	0
2961	0
2962	0
2963	0
2964	0
2965	0
2966	0
2967	0
2968	0
2969	0
2970	0
2971	0
2972	0
2973	0
2974	0
2975	0
2976	0
2977	0
2978	0
2979	0
2980	0
2981	0
2982	0
2983	0
2984	0
2985	0
2986	0
2987	0
2988	0
2989	0
2990	0
2991	0
2992	0
2993	0
2994	0
2995	0
2996	0
2997	0
2998	0
2999	0
3000	0
3001	0
3002	0
3003	0
3004	0
3005	0
3006	0
3007	0
3008	0
3009	0
3010	0
3011	0
3012	0
3013	0
3014	0
3015	0
3016	0
3017	0
3018	0
3019	0
3020	0
3021	0
3022	0
3023	0
3024	0
3025	0
3026	0
3027	0
3028	0
3029	0
3030	0
3031	0
3032	0
3033	0
3034	0
3035	0
3036	0
3037	0
3038	0
3039	0
3040	0
3041	0
3042	0
3043	0
3044	0
3045	0
3046	0
3047	0
3048	0
3049	0
3050	0
3051	0
3052	0
3053	0
3054	0
3055	0
3056	0
3057	0
3058	0
3059	0
3060	0
3061	0
3062	0
3063	0
3064	0
3065	0
3066	0
3067	0
3068	0
3069	1
3070	0
3071	0
3072	0
3073	0
3074	0
3075	0
3076	0
3077	0
3078	0
3079	0
3080	0
3081	0
3082	0
3083	0
3084	0
3085	0
3086	0
3087	0
3088	0
3089	0
3090	0
3091	0
3092	0
3093	0
3094	0
3095	0
3096	0
3097	0
3098	0
3099	0
3100	0
3101	0
3102	0
3103	0
3104	0
3105	0
3106	0
3107	0
3108	0
3109	0
3110	0
3111	0
3112	0
3113	0
3114	0
3115	0
3116	0
3117	0
3118	0
3119	0
3120	0
3121	0
3122	0
3123	0
3124	0
3125	0
3126	0
3127	0
3128	0
3129	0
3130	0
3131	0
3132	0
3133	0
3134	0
3135	0
3136	0
3137	0
3138	0
3139	0
3140	0
3141	0
3142	0
3143	0
3144	0
3145	0
3146	0
3147	0
3148	0
3149	0
3150	0
3151	0
3152	0
3153	0
3154	0
3155	0
3156	0
3157	0
3158	0
3159	0
3160	0
3161	0
3162	0
3163	0
3164	0
3165	0
3166	0
3167	0
3168	0
3169	0
3170	0
3171	0
3172	0
3173	0
3174	0
3175	0
3176	0
3177	0
3178	0
3179	0
3180	0
3181	0
3182	0
3183	0
3184	0
3185	0
3186	0
3187	0
3188	0
3189	0
3190	0
3191	0
3192	0
3193	0
3194	0
3195	0
3196	0
3197	0
3198	0
3199	0
3200	0
3201	0
3202	0
3203	0
3204	0
3205	0
3206	0
3207	0
3208	0
3209	0
3210	0
3211	0
3212	0
3213	0
3214	0
3215	0
3216	0
3217	0
3218	0
3219	0
3220	0
3221	0
3222	0
3223	0
3224	0
3225	0
3226	0
3227	0
3228	0
3229	0
3230	0
3231	0
3232	0
3233	0
3234	0
3235	0
3236	0
3237	0
3238	0
3239	0
3240	0
3241	0
3242	0
3243	0
3244	0
3245	0
3246	0
3247	0
3248	0
3249	0
3250	0
3251	0
3252	0
3253	0
3254	0
3255	0
3256	0
3257	0
3258	0
3259	0
3260	0
3261	0
3262	0
3263	0
3264	0
3265	0
3266	0
3267	0
3268	0
3269	0
3270	0
3271	0
3272	0
3273	0
3274	0
3275	0
3276	0
3277	0
3278	0
3279	0
3280	0
3281	0
3282	0
3283	0
3284	0
3285	0
3286	0
3287	0
3288	0
3289	0
3290	0
3291	0
3292	0
3293	0
3294	0
3295	0
3296	0
3297	0
3298	0
3299	0
3300	0
3301	0
3302	0
3303	0
3304	0
3305	0
3306	0
3307	0
3308	0
3309	0
3310	0
3311	0
3312	0
3313	0
3314	0
3315	0
3316	0
3317	0
3318	0
3319	0
3320	0
3321	0
3322	0
3323	0
3324	0
3325	0
3326	0
3327	0
3328	0
3329	0
3330	0
3331	0
3332	0
3333	0
3334	0
3335	0
3336	0
3337	0
3338	0
3339	0
3340	0
3341	0
3342	0
3343	0
3344	0
3345	0
3346	0
3347	0
3348	0
3349	0
3350	0
3351	0
3352	0
3353	0
3354	0
3355	0
3356	0
3357	0
3358	0
3359	0
3360	0
3361	0
3362	0
3363	0
3364	0
3365	0
3366	0
3367	0
3368	0
3369	0
3370	0
3371	0
3372	0
3373	0
3374	0
3375	0
3376	0
3377	0
3378	0
3379	0
3380	0
3381	0
3382	0
3383	0
3384	0
3385	0
3386	0
3387	0
3388	0
3389	0
3390	0
3391	0
3392	0
3393	0
3394	0
3395	0
3396	0
3397	0
3398	0
3399	0
3400	0
3401	0
3402	0
3403	0
3404	0
3405	0
3406	0
3407	0
3408	0
3409	0
3410	0
3411	0
3412	0
3413	0
3414	0
3415	0
3416	0
3417	0
3418	0
3419	0
3420	0
3421	0
3422	0
3423	0
3424	0
3425	0
3426	0
3427	0
3428	0
3429	0
3430	0
3431	0
3432	0
3433	0
3434	0
3435	0
3436	0
3437	0
3438	0
3439	0
3440	0
3441	0
3442	0
3443	0
3444	0
3445	0
3446	0
3447	0
3448	0
3449	0
3450	0
3451	0
3452	0
3453	0
3454	0
3455	0
3456	0
3457	0
3458	0
3459	0
3460	0
3461	0
3462	0
3463	0
3464	0
3465	0
3466	0
3467	0
3468	0
3469	0
3470	0
3471	0
3472	0
3473	0
3474	0
3475	0
3476	0
3477	0
3478	0
3479	0
3480	0
3481	0
3482	0
3483	0
3484	0
3485	0
3486	0
3487	0
3488	0
3489	0
3490	0
3491	0
3492	0
3493	0
3494	0
3495	0
3496	0
3497	0
3498	0
3499	0
3500	0
3501	0
3502	0
3503	0
3504	0
3505	0
3506	0
3507	0
3508	0
3509	0
3510	0
3511	0
3512	0
3513	0
3514	0
3515	0
3516	0
3517	0
3518	0
3519	0
3520	0
3521	0
3522	0
3523	0
3524	0
3525	0
3526	0
3527	0
3528	0
3529	0
3530	0
3531	0
3532	0
3533	0
3534	0
3535	0
3536	0
3537	0
3538	0
3539	0
3540	0
3541	0
3542	0
3543	0
3544	0
3545	0
3546	0
3547	0
3548	0
3549	0
3550	0
3551	0
3552	0
3553	0
3554	0
3555	0
3556	0
3557	0
3558	0
3559	0
3560	0
3561	0
3562	0
3563	0
3564	0
3565	0
3566	0
3567	0
3568	0
3569	0
3570	0
3571	0
3572	0
3573	0
3574	0
3575	0
3576	0
3577	0
3578	0
3579	0
3580	0
3581	0
3582	0
3583	0
3584	0
3585	0
3586	0
3587	0
3588	0
3589	0
3590	0
3591	0
3592	0
3593	0
3594	0
3595	0
3596	0
3597	0
3598	0
3599	0
3600	0
3601	0
3602	0
3603	0
3604	0
3605	0
3606	0
3607	0
3608	0
3609	0
3610	0
3611	0
3612	0
3613	0
3614	0
3615	0
3616	0
3617	0
3618	0
3619	0
3620	0
3621	0
3622	0
3623	0
3624	0
3625	0
3626	0
3627	0
3628	0
3629	0
3630	0
3631	0
3632	0
3633	0
3634	0
3635	0
3636	0
3637	0
3638	0
3639	0
3640	0
3641	0
3642	0
3643	0
3644	0
3645	0
3646	0
3647	0
3648	0
3649	0
3650	0
3651	0
3652	0
3653	0
3654	0
3655	0
3656	0
3657	0
3658	0
3659	0
3660	0
3661	0
3662	0
3663	0
3664	0
3665	0
3666	0
3667	0
3668	0
3669	0
3670	0
3671	0
3672	0
3673	0
3674	0
3675	0
3676	0
3677	0
3678	0
3679	0
3680	0
3681	0
3682	0
3683	0
3684	0
3685	0
3686	0
3687	0
3688	0
3689	0
3690	0
3691	0
3692	0
3693	0
3694	0
3695	0
3696	0
3697	0
3698	0
3699	0
3700	0
3701	0
3702	0
3703	0
3704	0
3705	0
3706	0
3707	0
3708	0
3709	0
3710	0
3711	0
3712	0
3713	0
3714	0
3715	0
3716	0
3717	0
3718	0
3719	0
3720	0
3721	0
3722	0
3723	0
3724	0
3725	0
3726	0
3727	0
3728	0
3729	0
3730	0
3731	0
3732	0
3733	0
3734	0
3735	0
3736	0
3737	0
3738	0
3739	0
3740	0
3741	0
3742	0
3743	0
3744	0
3745	0
3746	0
3747	0
3748	0
3749	0
3750	0
3751	0
3752	0
3753	0
3754	0
3755	0
3756	0
3757	0
3758	0
3759	0
3760	0
3761	0
3762	0
3763	0
3764	0
3765	0
3766	0
3767	0
3768	0
3769	0
3770	0
3771	0
3772	0
3773	0
3774	0
3775	0
3776	0
3777	0
3778	0
3779	0
3780	0
3781	0
3782	0
3783	0
3784	0
3785	0
3786	0
3787	0
3788	0
3789	0
3790	0
3791	0
3792	0
3793	0
3794	0
3795	0
3796	0
3797	0
3798	0
3799	0
3800	0
3801	0
3802	0
3803	0
3804	0
3805	0
3806	0
3807	0
3808	0
3809	0
3810	0
3811	0
3812	0
3813	0
3814	0
3815	0
3816	0
3817	0
3818	0
3819	0
3820	0
3821	0
3822	0
3823	0
3824	0
3825	0
3826	0
3827	0
3828	0
3829	0
3830	0
3831	0
3832	0
3833	0
3834	0
3835	0
3836	0
3837	0
3838	0
3839	0
3840	0
3841	0
3842	0
3843	0
3844	0
3845	0
3846	0
3847	0
3848	0
3849	0
3850	0
3851	0
3852	0
3853	0
3854	0
3855	0
3856	0
3857	0
3858	0
3859	0
3860	0
3861	0
3862	0
3863	0
3864	0
3865	0
3866	0
3867	0
3868	0
3869	0
3870	0
3871	0
3872	0
3873	0
3874	0
3875	0
3876	0
3877	0
3878	0
3879	0
3880	0
3881	0
3882	0
3883	0
3884	0
3885	0
3886	0
3887	0
3888	0
3889	0
3890	0
3891	0
3892	0
3893	0
3894	0
3895	0
3896	0
3897	0
3898	0
3899	0
3900	0
3901	0
3902	0
3903	0
3904	0
3905	0
3906	0
3907	0
3908	0
3909	0
3910	0
3911	0
3912	0
3913	0
3914	0
3915	0
3916	0
3917	0
3918	0
3919	0
3920	0
3921	0
3922	0
3923	0
3924	0
3925	0
3926	0
3927	0
3928	0
3929	0
3930	0
3931	0
3932	0
3933	0
3934	0
3935	0
3936	0
3937	0
3938	0
3939	0
3940	0
3941	0
3942	0
3943	0
3944	0
3945	1
3946	0
3947	0
3948	0
3949	0
3950	0
3951	0
3952	0
3953	0
3954	0
3955	0
3956	0
3957	0
3958	0
3959	0
3960	0
3961	0
3962	0
3963	0
3964	0
3965	0
3966	0
3967	0
3968	0
3969	0
3970	0
3971	0
3972	0
3973	0
3974	0
3975	0
3976	0
3977	0
3978	0
3979	0
3980	0
3981	0
3982	0
3983	1
3984	0
3985	0
3986	0
3987	0
3988	0
3989	0
3990	0
3991	0
3992	0
3993	0
3994	0
3995	0
3996	0
3997	0
3998	0
3999	0
4000	0
